71.22
4.38671774539e+13
8.962
5.012
852.762
-9839.593
9.353
22.915
35.319
1.388
6.0
-186237.444
87307.829
-22784730.692
156335.694
82735.994
169611877.349
76803.054
18685362.7
3804.561
6664736.309
3461570.68
24200274.298
-18420.304
32011.036
-22738153.857
156002.381
5069.589
-538442.606
1880594.702
555.513
76049.118
-13776.682
-50483.52
3302263780.42
74076137262.8
154960.16
27428964.454
96047.765
-11803.091
9259325434.37
-1924649.894
1701715.549
1696912.014
396493.426
3290784.253
-236976.549
-6966.52
149263.215
12183.953
1560937.173
65619.757
384262110.291
-577.147
23018.246
1683153.362
1945766.351
555.513
30918316.465
25786.259
79.63
2657846.729
576.0
24318931.802
1694995.818
177722.486
6215.206
1691886.379
8183148.853
152657.055
2656758.527
399.154
-3132300.629
-793.325
22932536.65
77355.67
314185.263
555.513
-18.351
-3302063850.27
4254.439
1690716.405
176759.493
165316.691
23209612.64
570308.931
-10051984.195
1054851.897
-1161.868
4510.43
4364.145
198012.907
49072.62
4728.528
1692010.721
3523485.617
79319.085
1845822.114
-3363.044
77510.381
1694725.275
67484.683
45849365.584
1964325.755
837.382
-22146408601.5
510006.957
166608.274
5031.214
-1880.465
46216378.299
96580412.31
3119497.49
284447.392
10984.564
3790.102
873858.033
3398902.208
52107.82
196122.878
1692007.385
-1358.579
-5192619231.49
1579.335
-31382.898
3040.657
2302191.755
1692200.785
293.536
102628.061
-29451.962
220552.139
-120.763
-512027.032
40303852.538
1777889.96
85.583
776.221
151533.85
-114211975.157
38445.384
22594884.7
284763.685
6416.044
4231.152
-463.23
2930.076
1693028.282
152145.423
-202703.27
2271.519
357.764
-205.393
1705947.204
151383.594
4005.683
142060311.11
77214.264
1480146.587
9140.48
18167.367
83403.738
3677.924
-704.284
-107.298
1888762.298
4694.572
923.167
163.156
-2052640565.77
1618.182
343891.911
-93661214.251
197890.178
-28743638.764
1894855.648
16125027042.1
-1027.128
21136701.893
556.992
555.513
310903.074
-22932057.48
7611.604
33510.698
-51744.755
25174568.492
81484.457
1574626.104
-1852899988.55
206565.862
516561.866
49942123.74
202635.649
9754.3
-1055078.944
265016.654
11804.25
383840.405
150267.681
157774.507
151739.413
101626.875
-3326954.817
153649.237
166657.588
-1637244384.53
2145027.603
-9441.157
159003.257
-6175.959
4182285.339
-45493513.427
11461.004
897311.629
199650.357
-230.728
229589.279
1697244.527
1785139.778
162082.058
155012.184
-169084277.887
2829688.223
555.513
-7958258.616
23088092.016
99147.206
-13573.749
1695154.566
1687010.755
555.513
8755.648
3947.062
1490957.075
17676.493
-16744.415
154086.843
4676.397
-22933273.348
17559.546
22927864.987
643042.435
23513.791
3542011.542
168049.591
-22917316.157
-22942017.049
3335.869
14231.133
47389330.942
816464.267
-21238390.954
-74035716487.3
158.989
196623.224
15726.391
1696684.534
61384.311
-154268.679
-26656084.85
-2165377.688
1687456.812
555.513
23009798.221
760125.28
309667.832
22139723384.0
-1838.223
-21335.749
-420.64
155028.175
13845.096
56299844.069
3.24695014494e+11
1705398.429
158437.422
310047.254
-22853517.419
13023.398
197415.33
153877.838
5205.742
23348753.124
805103.737
24616904.439
83363.216
106691823.674
11643613.262
156429.778
1692530.637
81369.524
-8.0238832501e+11
-490420708.478
13813688687.4
14328.526
366964.141
287878.952
309495.299
7757.782
116077.039
232597.271
-1402.594
199764.405
-80657.528
1489762.41
-22861559.055
159125.441
159514.728
185347.528
-278459.979
86489.614
568.372
-21089014.414
-10893994296.2
2.675
1048417.091
2052420.966
4392654.03
155069.988
10672.737
1238359.968
-45000946.232
22941535.95
395381.952
-208202.39
207947.666
123832.468
1859143.5
555.513
23028533.172
1687127.62
-3761801.975
-18499320.603
-4945.706
-1097628.256
399.848
308185.773
23178634.748
1778772.939
1885890.957
129401.053
-1096642.479
-19008.8
25364.67
2100168973.05
-107151221.85
2538811.452
155257.575
-3726.05
227738.123
172959.189
-317056.219
2947858.179
14490.544
77363.932
8945550.002
1713532.79
253.164
6709.664
38618.118
164.707
144018605.648
69012.342
-2.35911073438e+11
175145.843
163.182
-9329.885
1718333.074
22775612.747
-1314099.155
-1101836988.17
92887677.145
-497770.353
77748.793
-22931588.484
25582.653
-5483.039
10628.7
200062.689
2128036.928
13826.582
-293999.108
13606.245
228552.005
77336.322
-26003034.87
503878.772
1700862.338
1839333.63
12882802886.3
77101.327
266624.56
351027.237
-22910498.069
-3168.599
12353.566
4152.294
-5671.536
-22736356.453
-4285.967
-28261710.763
10545608019.0
76859.829
92016936009.9
-77064.669
5104.023
168804.236
160359.989
576.0
90944.263
70058.026
34112731.776
1039025.945
3491842.318
-846146.205
0.651
-54.724
1815209.881
159021.204
10058.663
1847465.472
2255637.864
32475.915
-22861014.973
127382.169
-27935806.259
576.0
0.12
22929579.764
17120231.381
650355.762
164.872
185551.591
-6015.056
555.513
-61137903.189
-6783.231
403529.306
166.402
426964.238
350989.502
78061.334
192183.656
-22755913.696
-226674.994
22931110.819
1659780.462
55.946
3401550.162
-219.407
1687607.084
57018.742
-148376118.682
15395.778
17941407.286
195105.81
13163.045
-32453.527
163.323
165998.223
-22754430.732
576.0
290344.168
195046.923
8323.388
-12457989.956
1955448.269
10611.667
-61365387.37
-225453.146
32002.694
3423723.892
185.528
22933178.158
-71.979
7075.059
1700614.074
-26554.863
1770735.172
576.0
96588765.524
1327458.731
-72039330.377
-739818.781
17246.961
-4.37577391607e+11
-77497.741
301837.135
-48383.253
1020090304.43
285418.737
142059511.722
-31665691.515
576.0
22936877.024
-14952522.622
49244.566
807405.09
-2418082.056
309161.399
213028170.887
199463.185
439265.047
-1559.535
9484.265
10896.877
-487597114.969
23097334.28
1050104.551
3617717.381
477.273
79551.447
-112280.333
85837.073
341632.906
154585.085
7105.687
11456.813
984.842
3584155.663
135650.934
-614828.905
128191.341
-46274101.7
2.01359532036e+11
15188.783
39034838680.2
-70325294.614
155410.986
-229.257
169446575.065
13948.738
576.0
3392155.552
556.754
-27937309.744
-222.555
-3302237151.2
576.0
346610.978
17802302.564
305575.612
-517072939.91
22932404.699
-22505957.311
13802.945
-9380.576
-1772565155.49
1732349.761
555.513
577666.341
-1.42951768196e+14
576.0
-46916.14
612240.477
80932.645
167818.012
-155616.384
-121569.134
163.344
-1011.779
3870099.816
38128.444
3.391
13861.368
5128.362
23200372.132
107785.885
87590.399
397851728.779
-855.444
198092.18
185.664
173064.423
1703668.292
-73597.474
17298.305
4224.577
-981919.84
24140.626
179.07
22936272.934
18682760.232
39052637956.6
16992.813
14080.477
6103.227
151079.615
1694816.922
555.513
1832732.805
315.793
540859.642
7315.708
22940822.456
-22776324.98
231627.544
-614720.895
-1475.392
2166068.487
74122.025
334654.051
22438.058
495024.351
0.988
555.513
555.513
-415820.126
181631.45
-72007595.897
555.513
-1462179.758
4106501674.53
309.326
-192974.362
-1.94270899749e+11
22653746.994
9099.665
2501.275
3845.169
145702.077
-2261903.187
12516797.224
1707547.802
2244747.38
9541.248
-1202.95
865.204
-2016.136
1116192.644
171.064
199629.479
21961.851
48447.884
751.344
1850204.314
33204.708
173850.333
1941443.132
-1467.9
1715191.63
15306.079
7948988.527
166773450.226
12468.92
72809.14
-118336048.28
1799169.72
4258.644
194955.651
25802200.457
527519885.77
-1909.249
22932307.659
72411.442
239590.355
-64251.604
19622.181
653.184
1697213.616
21304.863
7267345.522
141824727.294
6238.734
5316.048
159673.341
-49007.456
156315.074
5174.413
117408.509
152180.105
77181.524
5348.425
22729606.942
154263.102
-198138.93
1960819.409
22987327.769
1691238.912
1479154.749
155019.439
-41498673.674
194842.295
505832.172
18008.97
1.926
3583081.532
1702173.448
-28401453.307
154058.61
1700232.266
4395.512
-29.821
293784.992
577.822
199971.411
564.983
183040.554
180606.186
-4623.43
120909.045
183236.896
72187603.012
576.0
324777.351
-22925191.602
-264.99
5054.029
83626716.275
-59297183.445
-153.322
1692259.943
-4186147.685
10641.389
-22700849.324
-2039784.396
3346820.088
292.509
1748305.073
-369525.796
188545.018
1691127.651
2927.485
1692510.388
7713.867
-22844140.655
1851418.586
990560.367
218909.471
1887624.031
195478.39
-175488.591
49855034.577
-6127.342
27018.021
580.496
4300.783
179.07
-177679.74
1684377.24
1828.422
142.859
-1595138.597
-537.332
55102.692
1849889.336
-22622785.328
1692774.198
-48813.73
10741.576
155994.268
-178.872
577.822
-22921708.968
3064.346
183788.801
202058.963
-21158936.389
-22942408.845
1772438.599
23092426.904
1702750.767
161508.72
22255.581
65195.204
23211941.239
55087.437
195840.896
-1628.682
40043499.323
611.908
10473.402
-38402507.966
-508.956
-198296.743
-195821.309
577.822
10041.491
112120.452
16667.707
233538.974
210.09
-703438.738
1683735.777
40.777
12565.809
-1875317.388
141625253.306
174883.155
212631.595
11232.993
194938.435
199368.502
437648.69
-2827.638
159047.043
17535201.914
540692.628
-716762747.473
4152.899
12093.461
4299.667
3774.589
276.454
-45.736
1701061.753
-28749550.593
168260.595
16702195.773
153648.966
1856007.126
172927.219
194455.704
14359.558
99238.368
-6188.999
189712420.271
1779868.522
313881.669
180520.588
-1461528.946
24705730.288
-24002534.852
1660457228.32
1683445.657
203229.848
577.822
451375.51
-282.552
198400.819
164666.757
159411.93
-18262.428
149378.852
17888.464
2357204.112
-11885.148
-10032.387
66796.063
57815.758
-21432284.61
6702100.799
4532.445
579.459
-36454.44
310.446
-316783.419
74949.15
197405.136
-17565.754
12154.048
-1299854.606
32578.131
3603527.994
4319.849
-400.109
3435754.629
9140.189
-8568.273
194242.622
1778328.817
22921005.486
1690175.753
16890.013
3080.096
44545314.201
-694087.818
232386.435
-19564891.157
-428046557.572
-1165665.811
-6989.648
353073.578
22957911.243
-3465805290.41
154827.363
1476779.854
-9204950.25
218907.776
16698502.573
22922878.08
237658.873
577.822
36650.048
5498.445
-50228.19
113146659.343
-708.764
429053.72
11872.362
-80657.528
1489762.41
-22861559.055
159125.441
159514.728
185347.528
-278459.979
86489.614
568.372
-21089014.414
-10893994296.2
2.675
1048417.091
2052420.966
4392654.03
155069.988
10672.737
1238359.968
-45000946.232
22941535.95
395381.952
-208202.39
207947.666
123832.468
1859143.5
555.513
23028533.172
1687127.62
-3761801.975
-18499320.603
-4945.706
-1097628.256
399.848
308185.773
23178634.748
1778772.939
1885890.957
129401.053
-1096642.479
-19008.8
25364.67
2100168973.05
-107151221.85
2538811.452
155257.575
-3726.05
227738.123
172959.189
-317056.219
2947858.179
14490.544
77363.932
8945550.002
1713532.79
253.164
6709.664
38618.118
164.707
144018605.648
69012.342
-2.35911073438e+11
175145.843
163.182
-9329.885
1718333.074
22775612.747
-1314099.155
-1101836988.17
92887677.145
-497770.353
77748.793
-22931588.484
25582.653
-5483.039
10628.7
200062.689
2128036.928
13826.582
-293999.108
13606.245
228552.005
77336.322
-26003034.87
503878.772
1700862.338
1839333.63
12882802886.3
77101.327
266624.56
351027.237
-22910498.069
-3168.599
12353.566
4152.294
-5671.536
-22736356.453
-4285.967
-28261710.763
10545608019.0
76859.829
92016936009.9
-77064.669
5104.023
168804.236
160359.989
576.0
90944.263
70058.026
34112731.776
1039025.945
3491842.318
-846146.205
0.651
-54.724
1815209.881
159021.204
10058.663
1847465.472
2255637.864
32475.915
-22861014.973
127382.169
-27935806.259
576.0
0.12
22929579.764
17120231.381
650355.762
164.872
185551.591
-6015.056
555.513
-61137903.189
-6783.231
403529.306
166.402
426964.238
350989.502
78061.334
192183.656
-22755913.696
-226674.994
22931110.819
1659780.462
55.946
3401550.162
-219.407
1687607.084
57018.742
-148376118.682
15395.778
17941407.286
195105.81
13163.045
-32453.527
163.323
165998.223
-22754430.732
576.0
290344.168
195046.923
8323.388
-12457989.956
1955448.269
10611.667
-61365387.37
-225453.146
32002.694
3423723.892
185.528
22933178.158
-71.979
7075.059
1700614.074
-26554.863
1770735.172
576.0
96588765.524
1327458.731
-72039330.377
-739818.781
17246.961
-4.37577391607e+11
-77497.741
301837.135
-48383.253
1020090304.43
285418.737
142059511.722
-31665691.515
576.0
22936877.024
-14952522.622
49244.566
807405.09
-2418082.056
309161.399
213028170.887
199463.185
439265.047
-1559.535
9484.265
10896.877
-487597114.969
23097334.28
1050104.551
3617717.381
477.273
79551.447
-112280.333
85837.073
341632.906
154585.085
7105.687
11456.813
984.842
3584155.663
135650.934
-614828.905
128191.341
-46274101.7
2.01359532036e+11
15188.783
39034838680.2
-70325294.614
155410.986
-229.257
169446575.065
13948.738
576.0
3392155.552
556.754
-27937309.744
-222.555
-3302237151.2
576.0
346610.978
17802302.564
305575.612
-517072939.91
22932404.699
-22505957.311
13802.945
-9380.576
-1772565155.49
1732349.761
555.513
577666.341
-1.42951768196e+14
576.0
-46916.14
612240.477
80932.645
167818.012
-155616.384
-121569.134
163.344
-1011.779
3870099.816
38128.444
3.391
13861.368
5128.362
23200372.132
107785.885
87590.399
397851728.779
-855.444
198092.18
185.664
173064.423
1703668.292
-73597.474
17298.305
4224.577
-981919.84
24140.626
179.07
22936272.934
18682760.232
39052637956.6
16992.813
14080.477
6103.227
151079.615
1694816.922
555.513
1832732.805
315.793
540859.642
7315.708
22940822.456
-22776324.98
231627.544
-614720.895
-1475.392
2166068.487
74122.025
334654.051
22438.058
495024.351
0.988
555.513
555.513
-415820.126
181631.45
-72007595.897
555.513
-1462179.758
4106501674.53
309.326
-192974.362
-1.94270899749e+11
22653746.994
9099.665
2501.275
3845.169
145702.077
-2261903.187
12516797.224
1707547.802
2244747.38
9541.248
-1202.95
865.204
-2016.136
1116192.644
171.064
199629.479
21961.851
48447.884
751.344
1850204.314
33204.708
173850.333
1941443.132
-1467.9
1715191.63
15306.079
7948988.527
244.554
-510676805.416
629629.422
76971.404
6028.638
1701372.523
-4032.836
670112854.767
-251455968.309
67382.424
139255.778
22933211.277
-3965781.861
-22917428.566
129256.627
1045656.516
-47088.477
760380.414
7281.428
4792.783
-549.796
159422.196
79879.248
269518.612
61117.306
1888665.497
10.868
198886.208
31841.616
24774598.539
21818.736
-465142.081
26206.305
226.0
165708.811
555.513
1306.197
15063.86
174610.9
112828.739
1701258.371
-22942440.094
1847512.107
30499140627.3
5133.857
624139.178
3504.257
9503.913
-22930817.434
531637.348
-3323502821.97
3274.638
87966.12
-182688.163
832.451
290345.492
-137.178
274329.163
23129747.025
556.676
1847.539
64786.009
15296.279
23119768.045
1022274.265
10360.346
1826278.329
402316.593
-1741.007
1717056.915
202372.013
-1670017.496
14132.372
11018.484
-12558124.381
-22759516.964
-1879988.266
16723.791
0.049
1693381.745
-10.721
-210.405
24800699.191
35528.872
39991604.08
3804.981
-407496.756
62358.133
-8831.574
325018.429
1694956.877
-21234861.511
-8574.612
187303.522
576.0
69180.021
225512.442
3387514.412
-612.069
151347.916
24755624.926
16751.924
3228.63
-2798.377
2370519.664
1488397.45
394356.27
-165.152
-23446.242
-76.343
-72048844.696
215777.097
-300.152
60689481.722
26889832.106
153362.447
464.786
162624.337
4998575.314
92842.273
199792.797
-20331.883
-226.582
2440.292
4110.549
169524880.244
8185.133
13637925.943
-1033.416
-931.769
354806.043
8324.865
78024.099
-3229.323
-84.533
163716.782
-14925623.879
1848156.533
-22995608.09
-551.421
204790.097
2083.956
198733.049
-2598558.765
-202963.674
1272755.63
576.0
-7790347.01
399533.936
-662.256
-6437.511
-3225129003.41
1689604.668
2566.91
-22931933.534
14377.97
580.223
-21195185.169
384.22
-38388275.076
-3994.17
-9958.628
-38203.055
246717.261
-145256201.1
-554.68
644906730.25
576.0
-1376.685
934304567.438
483.465
72.333
219580.958
164733.984
2.675
12174.125
1779386.38
-22732680.445
41183.368
1641048.015
3761.309
-9035.625
314.024
4893.561
140399.826
-270623.686
157521.08
555.513
11166.255
207939.582
-38.922
-2522.687
1636224.253
140933.464
1695042.809
404137.092
576.0
6519.014
-11061.962
576.0
88782.777
9971428.286
6725894.524
199902.278
1049.501
674.77
307584.745
255243.05
1798.086
-22956353.235
709.795
555.513
1744015.453
-8183073.244
1920954.772
175113.257
190445.774
85041.957
101352.614
10648.979
-39193.214
1744000.313
9310029855.64
2223.924
1723.783
1669857.4
70020.609
-686371910.827
-8067463798.65
415.703
794435.432
-8.708
-7070.981
298959.0
153793.775
-121703.187
-22986275.6
-22786295.043
24609189.704
30888473.54
1699395.879
402562472.494
-122838.389
10647.958
165870.211
873.776
24624373.493
-22739853.101
555.513
250892.04
5878.022
5.821
-320293864.236
-14736588.168
77340.372
13756.436
-1451.68
1659090715.83
1856012441.7
23776.805
90644.06
576.0
0.232
-1528819.893
1481920.688
35061.198
1629.054
41.62
605888.494
