53.267
-42.603
-8.944
64.851
-91.172
14.456
-336.336
63.236
385.884
1.915
-926.75
-44.787
8.987
-36.016
-1587.554
-10.226
-1.912
5.707
33.05
-15.339
401.093
-6.551
-13.195
42.803
-79.993
-20.519
156.509
14759.275
20857494.912
1.015
-1252.91
-2760.159
-2.99
201.722
11.336
-3075.652
194.5
85.46
2.97
-3943.613
-1573.805
38.435
10.978
647.447
-143.068
-9.279
357.449
218.284
204702.983
15.928
1204.897
180.767
-9.764
230.109
-7.942
-18875.659
48439.46
6.041
32.879
5324.22
8.294
3478.652
406212.289
-1.018
101.255
-795.552
774.793
-470.044
37.66
-135.79
-18.054
17.402
92.93
984.306
120.668
-357.933
66.731
-176.146
65.949
4.448
28.72
-22.772
-11.263
125.059
57.005
-2029.534
142.103
0.738
-84.466
-426805.008
-25031.811
771.208
38.999
12.898
256.54
39.719
2253.804
-5.659
10.376
-28568.849
-0.691
-92.55
-13.543
-27.908
41.234
-7.153
981.181
-112.375
71.008
547.139
42.472
57.86
33.934
-15.145
-17.988
417.979
576.862
906.497
-53.721
1.287
-620.905
225.032
-5.692
-8.989
412.152
-1.552
27.808
826.254
7.397
23542903.655
7.114
-47.318
4599.262
-735.757
924.013
3.928
13.172
43.721
-4.295
97.004
14.487
58.496
13.181
7.757
-7751.144
-5391.559
-39.895
-441.628
235.957
211.273
2.509
16.157
-1799.263
-17.616
4302.208
-0.653
-421.463
966.05
956.678
-13.802
39.872
-4.772
5.405
-26.382
-837.388
2.296
2.72
-970.589
-1.643
37.292
49.295
337.108
-63.295
2400775.021
5.807
-1097.559
142.284
-115927.957
2.83
-1707.151
14.1
86.531
-10.877
36.886
-25.185
-420.548
47.696
4.916
505.94
-59.312
-9.842
8.183
-35.628
-761.295
36.898
10.045
-21.157
-1869.235
650.39
-10.902
-944.481
-10.03
276.21
-1009.543
5054.545
967.715
3.372
-3.859
1803.218
940.493
-11.174
3842.963
203.698
-10.035
14.87
-1086.756
0.097
170.59
-183.325
15.941
181.886
13.817
-25.067
12563.513
520.813
-2051.708
31.587
4146928.853
-43713.83
14.178
-4.903
1257.007
48.196
-1489.983
1688.688
11.574
169.758
390.378
60.581
26.051
39.77
321.335
55.064
-1.401
998.704
26.03
-9.564
8.454
-56.815
21.234
-0.457
24.947
20.144
-118.491
162.326
-31.027
88.128
36.167
-54.72
16044.372
62.57
1.748
249.614
-3.343
-42.229
3.306
283.735
-89.997
-1305176.31
-3423.779
11.324
38.985
0.675
3.968
-5.309
1724.737
349.802
4.718
-2.427
10.071
-5.774
4.908
-1027.306
15.068
150.679
-113.983
188.109
-2932.558
2193.84
-2521.414
-74.141
39.698
485.49
-1796.031
-2489.377
8.453
-2226.551
32.179
-63.169
-889.091
76.958
43.853
17380.664
975.025
75.127
18.904
75.427
164.004
16.667
1.671
-23.731
-11.634
-481.278
-5258.434
-18.419
166.013
-11.656
27.503
389.307
19.43
-542.998
6.252
90.659
9321.624
643.267
5.198
-20.848
-780.502
423.856
-3.86
-243.766
239.156
17.677
11.756
0.576
-8.977
4.912
-112.316
54.377
1638.825
-75.496
-2.145
-12.707
182448.131
62.048
-88.753
5.859
106.313
20.836
-24.551
-0.453
25.633
-894.825
-44.87
16.261
2.371
11.694
340.615
-410.049
-13.09
0.37
-10.23
-1479543.789
-2.726
-4510.83
3.442
30.857
-39.973
-7.403
0.547
3.995
0.386
-55.588
-137.053
-103.415
426762.379
-355.055
-2.769
-33.53
938.414
693.668
39.417
82.561
36.758
-1.214
14313.945
99.402
29.502
175.2
16.012
99.389
-67.094
-26.714
3.782
427011.072
-393.404
2.312
137.36
-674.437
73.371
343.715
28.669
29.437
2117.946
29.083
270.52
892.412
-9.609
1033.545
15.479
-0.5
4.216
61.703
49.745
1986.138
-799.579
21.112
-62.449
-143.604
-35.15
3.036
3.763
14859.367
24.174
21.489
426766.005
46.151
1355.367
-932.833
-0.939
-43.059
-4.388
-10.619
63.269
23.992
39.772
5106.206
497.147
19.102
3.555
31.779
110.397
76.585
-128.529
8186.818
-75.873
-332.93
1349.666
498.283
90514.077
-38.852
18.511
2.979
5.243
753.927
-10.787
-4654.676
-3621.335
30.855
883.905
-29.106
32.554
-426789.146
-8.07
1689042.241
-26.51
2.693
-61.305
-886.845
-29.621
2.114
-62.411
-179.521
-90.257
5.37
77.506
1301.211
-29.546
-4.63
-0.85
29.103
148.385
-35.979
376.293
26.94
879.896
-303.061
-31.716
-1.419
-27.957
9.933
949.927
-12.171
40.58
-337.835
-73.773
164.229
-54.772
-187.455
22.753
76.683
-917.045
1915.132
-17.914
-28.384
-1798.962
-5.033
8.94
20.986
73.273
33.003
-19.907
-477.102
-4.346
19.827
-98.68
424.764
780.712
-22.877
-112.052
-47.043
-10.249
56.235
38.764
429.692
-98.53
18.476
67.471
-361571.771
19.709
1.611
-2.686
185.072
21.389
338.866
-7.899
1.552
-108.131
63.113
20.0
-1036.274
144.914
-261.38
-4.837
109.614
-22.889
-748.776
-71.222
-6.861
-8.009
-23.426
-943.078
773.261
89.565
42.393
-10.978
-1.32
71.327
4066296.034
133.022
-4.265
703.769
17.972
-31.021
-58.554
25.786
512.116
16.351
56.477
3357.44
7.327
7688.181
-48.524
318.563
7.101
199.753
69.227
-1381.633
-4.813
-746.382
77.851
42.068
-19081.929
-39.071
6989.08
28.844
-27.731
-407.657
0.045
2708.11
268.417
-586.963
-29.847
49.647
-415.945
12.989
19.444
-21504.589
-4.606
146.264
22.147
412.447
64.313
-18930.317
62.232
-426747.489
1.807
-965.875
75.707
31.261
-4.995
45.042
7219.197
-89.835
15.044
2.387
-1902.443
91.363
-30.837
-117.876
-6.839
79.686
-88.006
69.116
44.49
-539.685
44675.88
53.445
500.262
-562.918
805.618
79.294
942.793
-38.435
245.558
-514.499
10.78
375.492
54.852
45.792
-55.509
455.613
426784.052
550.096
3.802
16.294
18.233
-86.996
80.566
816.176
114.973
175.974
3.919
0.992
0.651
24.773
-89.382
34.79
-6090.403
8.319
96.45
1.359
223.405
15.625
-19.693
7.343
-0.169
7.803
72.262
-52.688
87.295
105.32
-32.761
4908.827
-14.537
-90.174
-50.834
13.867
-21.884
-4.602
22.377
86.146
776.033
3.393
4.471
-28991.362
49.823
112.048
32.842
5.291
402407926.97
-44.834
62.217
-390.712
-671.157
10.907
18.253
-15.151
-10.728
1.259
9.415
427982.923
24.233
64.703
18.896
-80.599
-172.978
1104.272
182.567
238.481
357.541
27.052
4.143
912.291
302.129
32.277
32.299
-27188.766
-12.498
-1.902
71.513
-14.917
154607.557
41.357
17.159
2.466
2.114
-9186.129
22.466
44.803
279.404
-32.873
85.155
-494.918
10.933
-18.753
23.762
-6014.372
45.057
38.457
35.279
-45.541
163.031
12.814
4.828
31.348
-1259.816
158.787
-194.009
15117.764
22.128
-7.612
-6.145
-54.106
-142.024
25.882
39.89
13.606
-21.09
25.786
-30.449
-10.559
511.603
-27.093
5.16
-11.748
14.595
-59.758
224.486
4.268
90.352
-112.97
-3.678
-33.372
14.987
-42.033
1580353.606
6.175
1.79
235.296
65.868
-6.227
-331.049
-233.231
3.637
104.399
171371.267
107.565
16.059
-16.749
236.026
-10036041.38
10.145
-288.617
31.438
269.37
44.687
-62.023
281.121
68.352
411.267
1.279
18.111
18.412
70.169
-870.044
4.01
-39.366
26.359
746.653
-2.984
-585.77
5.87
-114.891
-61.362
-9.393
-32.142
11.998
-51.159
8.797
6.114
-3433.214
-19.111
665.971
22.91
46.648
611.327
-284.899
7745.14
262.841
133.511
5078.318
5050.112
1444.732
774.939
124.094
-30.203
426790.685
23.19
62.937
-53.38
-64935975.183
80.768
-96.524
-147.824
-46.897
0.259
-66.467
2.206
-57.789
-0.661
48.26
-2782.986
889.564
138416.174
1036.118
76.535
-25.239
80.973
-4616.283
-123.101
124.561
25.101
-54.54
-77.733
30.637
-15.046
173.24
473.958
-48.872
112.961
4729.634
-188.159
-4415.066
203.982
28.972
3361.778
-26.259
44.463
97.767
-38.853
392.313
-426815.012
259.858
3.252
-939.544
4.917
-18.316
4.219
110.417
-17.303
936.967
-0.394
4.671
26.661
1.241
-68.612
-27742.179
166.876
426798.717
2327.164
13.376
-426697.748
47.084
9.542
101.517
-4745.261
1053.708
207.324
23.049
-6.117
50.094
108.654
-397.887
-2.927
-7.742
35.282
4869.749
-14.483
-171.149
-63.585
1006.233
-20.396
218.832
1763631.716
296.858
-70.296
24.96
-426771.47
73.983
-132.44
15.215
-9.849
-3002.365
-0.863
369.276
7.798
-50.163
-88.752
-245.229
1347.264
24.246
9.792
97.616
324.167
9.667
-479.031
-6.022
-287.937
-7.398
-6.927
5036.224
-632.65
1.186
-29.071
2.225
16.296
-2140.068
778.322
148.158
117.453
33.817
-3.863
13.463
15.64
30.525
-32.402
3.707
539.103
-84.572
84.546
-26.945
6.472
-29685.677
32.551
-42.556
50.563
99.431
-72.251
-45.405
-104.612
-92.166
-3.503
103.461
72.01
40.341
-13657.997
-28.705
421.406
-695.651
31.499
820.792
-14760.764
-37.401
21.464
-426738.947
-26.955
67.221
-4.41
2831.286
