7.482
-1748.115
-15561605.992
121598.011
-88308.286
-426.093
196.191
24.078
-237.273
-1346.584
2950.384
1003695173.219
3883.754
-192.728
-18046.609
-148.795
-21.953
3282.724
2404.038
29.581
152.435
-245.54
421.218
61.118
60.23
45.307
-1358.049
-37.15
67.879
53997.679
16044.313
214.087
4074.794
2788.644
165.705
3980.159
12.484
-252.945
-54301.56
198.711
1874.155
129.743
145.637
576.926
-15561408.588
14.513
-654.658
114.877
-42.676
1643.674
21.132
52.599
115.916
115.877
73.07
497.588
339.45
-114.252
-1842.095
1178.818
593.125
-386.033
21417.236
141.203
-19.946
923.555
1546.453
158.733
-18.748
-88153.898
-1186.569
49.243
-98.812
14182.006
376.707
350.231
2.813
101.147
-1823.743
-53627.22
-50.757
39.63
-5.3
16001.198
48.773
-12.49
471.824
282.541
150.003
-146.885
26.684
1670.3
-25548551.494
5.446
-2169.58
-32.751
-212.592
-114.997
-78409.221
35.814
166.164
-16.617
667.623
31.692
-582.742
3559.985
-211.234
-472.786
123.744
-587.58
4617.523
328.312
-4502.33
10015.265
79115.046
690.346
-2285.348
-7593.597
2227.442
55.068
4.509
-36693.057
6380.72
198.458
54067.932
93.939
1042.678
182.936
250.539
15.284
213.974
288.19
360.752
-57.117
-2861.508
32.992
-175.162
141.56
4.582
53.416
421.285
637.409
26.587
15561444.772
111.764
1587.546
100.722
719.89
-47.671
219.349
-216.519
103.065
2.864
155.855
113.318
138.041
18.53
-406.151
-361.576
110.505
-4379.257
96.231
407.024
35.006
-212.249
237.543
-3.145
186.609
56.504
350.119
102939074.001
207.833
-1330.634
277.16
-21665.125
195.5
4729.793
2257.47
311.532
-57.966
391.811
3325.062
-233.484
42.693
1497.203
-49.411
56.401
2350.129
138.074
20.543
-130500.288
-80287620.579
3.633
-1335.774
25021.188
640.94
-93.847
-55.387
-179.681
-1931.27
132.891
4599.171
-24482.054
1742.939
48.958
82693698.696
49.783
-1035.654
131.83
15.752
-191.147
253.184
9.101
130.382
560.743
296.264
107.872
-219.522
99.227
9336.211
772.604
42.953
96.412
-7.154
707.608
-51220.808
-27.628
4327.391
-613.231
734.947
151.574
49.344
835.263
-18.523
232.13
-2565.977
-53980.096
-63.918
-5919.084
136.734
-32228.902
26.343
209.804
-0.297
111.33
17.086
877.78
200.394
180.03
116.887
-4696.461
-738758.468
-17.164
218.569
-417.573
5696.642
1287.468
10470.126
-306.623
-324.387
48129.905
-41.704
53.889
210.797
62.014
31.174
456.739
6.731
27.981
-2065.99
4.777
315.268
-46.602
-1723.299
-3018.907
3364.223
218.395
171.696
141.383
5.269
1635.817
-53950.432
1433.332
15561654.461
-5162.287
-12166.011
-1042.068
-658.948
489.813
55.49
-139.289
209.41
772.34
28.313
320.342
149.789
-53511.92
1153350.294
187.993
1868022.383
1152.121
2528.282
234.33
11.999
15594576.771
1626.853
-462.379
9239.859
-386.392
314.634
131.298
-6.79
165804.96
117.505
6.973
9.139
14.553
162.411
-7.862
209.428
1088.169
618.339
-36972535.273
-703.698
-4630.955
21.945
-1557.71
-262.564
-20.122
138.602
19.436
-13.601
474.519
241.367
-76.585
-386.714
380.971
-12.091
14.16
209.903
255.456
2610.777
-7655.767
557.646
742755615.549
-6088.738
72.702
34272817687.829
-5134.171
877.676
100.212
-316.636
-1432.166
-1644.1
181.22
99.665
6.392
204.829
159.403
18.892
94.784
-1689.948
-32604728.273
417.445
328.678
-16.548
67.452
69.061
27.905
9137.935
44.514
-18.622
128.488
-183.079
-373.658
15800.72
46.562
-20.537
-22.824
8.515
-15561448.333
86.573
-227.668
55.226
193.882
8.266
-3.796
222.513
1289.889
-6332.07
-13.712
-1401.429
6.562
8441.0
-53981.826
1383.62
-617.142
582.248
-458.683
210764.396
85.694
-266.795
187.836
-11.762
434.14
9.543
23.531
-2229.832
-15562690.424
199.182
5.856
67.698
-5438.772
212.501
-1783.604
28.645
55.081
995.671
46.698
21.519
170.179
1116.713
197.522
1535.925
120.066
99.002
-106.939
5398.834
15561696.423
251.133
46.292
129.594
-49.329
243.437
-17.072
105.091
794.35
-7.781
239.639
399.902
870.694
5.756
-1141.826
7166.674
-409.04
104.013
-6326.064
-23016.552
155.616
72.033
-22.34
136.629
-68432.636
-237.393
-3.286
12.491
1106.916
124.729
712.69
281.364
-1128.253
2543.671
135.775
60.026
-34653.624
4627.29
11.4
331.429
36.959
-638.002
9.709
-122.489
64.034
44.371
368.707
1166.857
116.287
349.905
-236.042
5.776
-4314.593
-141.242
734.088
-217.087
86.898
564.746
-242.269
-135.728
37.736
557.424
-25.659
-5.387
173.547
715.081
-354.637
-54.803
2293.577
-200.038
8.464
782.202
