-58415.843
-1117.861
-0.355
328.469
-47.051
554.7
119571.399
-66.906
-8561.969
4.043
-58.167
2.147
-21.782
15.064
15426.008
-74.275
27.517
15.674
-2069.206
3065.898
1.851
60.947
-399.855
3216.3
39.562
-1068.153
3166.317
5084.913
9.006
232183.774
27.186
-33.757
-81.494
-16.834
-36.756
-2331.993
3150.322
-37312.959
89080.19
493.73
5.859
-424.282
-46.877
86.244
55.492
137.999
-23534.339
-741.046
9.516
-200.577
-16.002
1625.732
-71.563
8.266
20.681
15.94
2741.526
40246.999
13.825
406.593
81.628
-44.022
18240.458
-10026.997
-17578.588
33.733
99.142
121.807
-67.437
810503.326
339.498
276.772
-740.264
361.683
-53.749
354.735
12077.806
-77.68
-25.22
10886.709
-992.44
8547.898
-22.416
-178641.644
-406.042
-99.088
3239.365
1134.75
-140.5
111.584
82.727
486.586
56.993
124.475
-139.79
13.602
78.457
-2211.804
-4818.958
4.055
67.972
65730.856
21.529
14.472
-160.615
63.29
11.792
163497.509
24.773
15.458
-47.06
352.05
375328.14
-1.327
-11393.67
771.311
13.539
205.375
-1692.312
-526.764
-641503.909
187.901
-83.849
-225392.548
33.322
-74.027
476013.086
-5945.568
12.931
-81.788
4272.74
-70.09
11.22
43.121
-79.817
-97100.482
669.709
-37.461
-2797.707
2327.269
335.55
4.416
6.735
46.434
0.453
76.773
61.5
-50.64
377.553
-11.6
-171.607
-166.946
-84.928
-42797968.271
863.842
90.931
-9.834
-28462.317
190.786
-34.773
200.122
-245503.388
-14416.023
-26.75
20.216
-59.865
-1458.273
39.336
110.496
183542.731
-99107.969
9.407
24.752
7.852
27.2
37.656
-65.866
71.475
-18340.58
0.843
-22.429
43.617
55.598
7.774
-36.144
-81.004
44.877
95.114
588.449
-134.983
14.602
20672.424
-40.709
-13816.404
-2494.826
-531.833
9443.917
-35818.794
-279.31
214.22
-13.939
87.817
-93.657
-18182.858
37.601
-11.783
-33.264
14393.957
0.884
11.361
-29.823
3.696
87.782
0.265
-78.626
-15.825
-248.043
31.865
-2240.121
-217.731
0.21
-69.816
2112.192
2.991
67.06
-99.203
154.26
12.666
39.781
14.09
-310090.866
93.63
-5167.741
-21.274
-2003.478
-25.829
112.93
2818.945
24.1
-12.291
-89.603
10.828
-2385.91
148.602
289.947
19.779
104.377
-119.044
4.379
15.902
-2349.813
3316.278
-12.049
54.824
24.455
15.485
-6.68
-334.669
-49.712
-465.684
-153.726
-68.135
32.927
193.032
26.452
-67.265
-639.255
3529.492
-81.6
2923.592
207.66
66.886
-3561.982
-92.75
558.518
-9238.35
-13.979
-2.228
-139382.278
2.981
-2025.587
53.947
-3.29
14.567
2239.005
29.98
3.645
-50.95
2.047
-27509.153
-7219.775
-304.473
-8.915
-7.813
20.453
-27917.27
499533.118
-2251.207
1238.854
-71.147
4068.614
9.179
4352.513
-21.797
-0.252
90.281
-467.876
138.947
-3230.619
-2364.582
2605.512
-46455.022
-25.002
-2724.189
-2593.301
-3.088
198.705
-535.117
-137916.05
3.999
-477.627
2772.898
-430.256
2782.696
134.152
43.964
34523.944
9.067
-197.678
-91148.091
-3.13
-2.247
20.824
-92.809
-20527.793
-1329.93
124.836
234.524
-26594.949
25.976
-67.553
-46.518
-24.435
2619.967
0.011
125.901
1126409.819
-73.7
99.031
554.783
24750.751
-1280.34
11.147
-294.59
410.802
14207.094
-24.35
3629.297
2288.712
1.407
-114.362
-74.155
-573.808
-17.54
-298.011
474.326
34.863
-16405.484
99.259
-93.2
43.499
142.058
2105112.993
440.907
6222.328
13.764
-263.012
-68.016
-0.258
605.111
2795.652
34.036
3485.587
13.615
28.332
129.501
-3227.086
130.408
94.202
278.638
13.895
2365.232
-1268.765
6890.963
8612.447
843.124
4.186
-5422.84
-149.74
1.472
20997.645
-79.593
2270.227
-47.041
761.35
20.621
2374.547
-2067.003
-564921.502
-47.904
21.295
341.371
91.758
-114.008
3.839
-25033.322
12.276
-104.968
-348.408
-2329.001
-18245.068
46.356
4.494
138.144
-205.741
-46.044
-22.829
-61555.98
-200.968
-24.026
-114464.028
12.02
28.453
-329.159
-12.438
87.712
242.039
330.51
-704.803
26.162
-384.498
62.056
121.186
-1855.915
-101.701
1005.441
-17.719
14.572
-148530.825
-781.321
-2045.802
-3.558
-18144.774
-6.733
34.094
-1644.434
9344.505
-14403.477
225435.845
17.413
11.503
2822.973
108.197
-137.334
-73.752
10.039
8.88
-1037.188
191.846
24.967
101.697
-472.661
-2199.839
4.466
2333.247
98.568
-1100.347
5.886
2335.27
1952.976
385.263
20551.915
17378.302
-92.471
112709.537
-79.081
25.422
-716.446
544.946
-126.805
-350.857
19.094
-152.208
328.703
-413.108
-2.929
264.957
-295495.236
-2.683
-20359.325
45.805
664.871
81.107
-183.161
18.055
-862.068
104.577
43.087
-12.289
15.981
2461.685
25.548
171.607
20529.827
-91.593
50.62
11.345
-724.087
13.665
4.283
13.066
1479.845
-75.819
43.466
-33.11
8.47
-20534.865
9.255
-1.066
352.837
-5.62
2361.464
176.452
11.687
2477.003
-251.361
-22422.738
-476.993
89.759
4.365
30023.639
-0.142
-14804192.463
-17.873
-2517.26
-40.821
-26.992
121.569
63.866
18.479
-128.034
5686.695
-84.885
-154.317
-13.396
72.478
105.994
1070.185
59.178
-1155.035
3.151
5.854
-67.623
34.62
14985.358
37.087
-8.229
70998949.13
67.036
40.008
21.842
288.254
31.662
2.568
-2325.227
-78.012
2.752
1825.101
-18198.553
42.026
-2686.831
358.535
193.153
-574.069
-86.676
-81.451
13868.747
-528.583
2067.468
1107.035
-74.436
-190.234
15.502
45.312
-3038.201
14.32
-515.639
8872.543
20562.977
1936.258
-82.758
466.368
-2880.593
44.188
-931.572
17.641
-7.575
1415.911
-1033.293
-34.609
-1.959
-9962441.123
-606.831
100.835
-56.439
-2288.691
6.799
-18261.501
-47.822
-81.169
-30460.15
4885.465
-345814.393
-254.542
99.089
-128.646
80.291
371.214
10.432
-1.454
-9.008
2505.468
51.509
-177.296
493055.69
36.291
592.679
1902.457
328.408
2795.946
139.08
-1792.297
-20.759
48.628
484.745
-60.871
105.743
-785.258
36.861
9.835
44324.923
8.297
189.138
-1198.219
-65.776
12.16
-134.86
36.626
1.183
209.553
-2592.178
54.693
128.581
185.557
831.562
-146.038
887.591
-58.943
-92.77
-4595.477
203.972
470.486
18.605
12.24
-61.912
-3215.92
-1129.442
-469.889
36.107
1073.407
14716.577
-153.225
-2.174
13.296
2431.148
134.345
7028.857
11.076
24.219
167.624
500.947
-1977.186
105751909.771
9.001
-52.733
-33.574
-8.065
178.413
-116.339
-2432.949
-27.616
109940.556
1752.891
-1598.703
-2571.589
15.901
-1058.698
-6264.189
97.311
-62.244
15930.001
-15.143
34.782
-60.366
4981.122
-8966.811
-520.305
102.426
16.05
76.486
-276.244
-2798.514
-13414.811
-261.374
-353.811
80.567
-23557.384
162.22
62.798
43.93
-29.423
20031.22
8.971
35.228
9.595
-13.771
-43.783
-100.768
559779.333
223.245
126.474
-34.76
85169.354
-2.292
2319.296
-47647.418
-621.689
4904.936
1214.944
-60.397
-27.66
19891.646
-9.259
9.826
20639.976
94.608
-362058.678
176.137
9889271.115
47074.087
6.731
-4.033
292.351
548.666
-59.341
15.736
47.637
191.781
-183.294
60.327
-481.003
-664210.613
-66.765
-9.776
-79.0
694.005
-3138.441
-3.198
-83.926
-1.929
73.639
-14.801
4.617
-48.355
13.514
18.51
-5.245
73.515
4.491
0.147
17537.367
97.59
-9.996
32.669
14420.893
-2253.944
8.165
-303206.622
-109998.3
9.083
-7.176
10.557
1.647
742.479
-2.912
-69.991
-829.766
28.26
1710.653
34.758
22.251
-70.21
36.852
-2761.023
10.175
0.801
-7939.452
-484216.708
-29.749
7.978
0.272
11.028
24.601
-274.14
17.652
-8633.045
202.156
-37.68
-522.69
21.82
1195.383
-15.38
-81.702
0.578
633.184
-56.716
-29.005
13122.029
-53.002
121.469
-5369.016
33.21
766.685
171.327
-25.104
-2021.92
86.327
12.125
-1.049
141206.81
-11.204
174.497
70.787
-17.736
1778.867
11.259
-7059285.388
42.696
7.974
15745.277
-1159.117
110.225
-69.885
-543.393
73.056
10.858
0.19
-18.399
-14490.053
4946.395
12058.593
-1646.184
546.747
-2362.851
2.958
85.635
-149.609
18.444
-59.624
-235.171
-11.681
975.334
-56.309
-48.239
2341.126
18.936
12.19
-7.159
-19.396
40124.409
-160.81
-20616.635
-3929.303
163018.167
787.008
84.618
92.1
-2974.6
-647.334
-22.003
444.862
-74.461
-44.295
-29.037
0.704
-2402.814
168264.166
117.455
4.062
3.146
311.047
-75.429
54958.62
122.027
76.823
3858.66
8.59
7.642
-165706.413
-85.637
52.058
-5475.866
-73.204
19.139
2501.688
83.183
-4766.337
4312.497
-0.301
-26.438
-190.932
1118.914
5.391
76.789
0.114
35.057
-0.335
18068.702
-923.565
790.352
49.904
18287.653
-1034.326
-7.387
537.645
-750.837
-15.456
6364.298
28.388
41.636
-22304.379
-72.208
2381.028
18.567
-2436.723
3497.045
-661.971
-113.282
-11.919
-709.67
-14298.169
-1969.101
-13.464
-38.081
22247.0
-1.958
-136.462
-27.393
80.29
23573.708
31.556
68.437
5843.14
-10113.509
-160.166
-3192.257
4802.865
-519.459
-97.283
-3772.716
-2031.314
18.009
-17.212
-18094.468
-82973.214
-6.725
4.585
-113.177
-11.286
12.247
-2651966.824
-2798994.499
-821.882
922.739
-46.55
-7.819
58.215
14.343
-326.811
18.822
12.58
480.933
10.552
27.098
77550191.1
20514.49
-4715.32
-743.503
-6.844
-35.069
-617.715
198.769
693.521
22.642
16.947
-3146.068
126.094
-3.211
-11698.926
-8.703
-134.731
-12.08
505.304
-4829080.389
3.672
6356.665
-103.189
-84.834
-0.688
-97.217
-20508.579
4.385
0.944
-54509.653
69.946
-14377.306
1880.017
-1295.571
1485.954
32.628
-36299.613
-2142.885
32.44
20.845
19.329
383.554
-101855.525
-69.392
-9.967
-90.782
0.913
146.892
279.432
107.461
389186.211
-3.6
-89.164
-3.293
28.581
-14437.577
21.626
18994.934
-2.126
1998.051
108.946
8909.689
1.499
-64.014
-20.082
-59.188
3.866
-59.378
2.751
-2236.934
72675.383
-19573.137
-66.448
-1607.907
72896.576
2.312
27575.964
-2503.06
1452.75
61.432
-121.123
30.42
89.837
2351.881
2639.041
113031.166
118675.334
-557.468
1148.953
6448.863
-862.666
-390.529
22.867
-2058.907
118.1
-27.708
6.311
3.824
-1653.056
-160.09
-81.177
68.945
-900.541
-3.54
23.259
100.373
28609.808
217.981
645.045
-140.917
27194.256
2367.648
53.112
-55.239
864.789
-16934.917
-69.57
-849.024
15.004
9.687
2364.075
8.617
31.453
-4181.625
-288.296
11.815
-14956.522
94.797
17.77
377.719
78.921
14776.733
252.602
-75118.819
-20135.453
5.86
-7351.131
-76.783
-52.904
-41.932
-36964.057
-76254.462
-12.322
769.898
177.007
-16605.361
-2408.437
-443.689
35.088
0.762
11.686
-20.393
-2059.358
-20732.352
121.009
11805.32
36.195
-2.155
84.802
-12067.319
4.191
-413.168
160.895
47.131
37.203
2.989
-65.64
110.531
5.589
132.986
-4557.388
-22797.335
-123.033
-11.257
-25.595
16137.404
61.551
5669.844
4.019
-9662.538
-80.122
-51.505
-244.346
-104978.899
158.3
4.523
111.441
-14356.355
42.859
96.556
42.344
-2615.508
7.793
-21.54
-6.424
361.312
23.634
-12.144
246.561
18165.458
-49504.332
207.214
35.727
-24.738
68.868
20.122
-293.799
14.635
-4.927
-17129.246
-19.368
-82.458
21801.283
-14.74
-162.292
-107.691
18188.555
239.559
27.087
-1938.664
112.912
-299.963
5788.016
304.632
18327.25
1.27
55.716
-85.239
735.847
14.417
-21122.339
28.358
13.066
-632.797
-7.743
-28.909
-497.909
-13931.214
10.878
-5.553
694.275
-472.798
108.851
5853.88
-74.299
219.719
-20615.147
262.111
13.065
212395.387
-1048.238
53.363
11.883
-6.729
-1675.359
31174.242
-5173.709
117.264
-2309.625
5.466
9.382
12.039
8735.207
-18758.074
10.385
-2459.4
-14.94
26.844
39622.71
1253.841
165.075
155.755
21.095
21391.48
-35.907
-813.911
6253.528
2331.134
-89.041
29.104
-72.108
40.174
-14396.408
79.816
6.44
-8659.274
-1014.811
44.204
2357.402
15.149
-37.691
-25.252
79.497
57.61
-95.54
15.711
36.786
-23.819
38.05
-3089.501
62.074
-49.63
18247.414
73290.17
-2217.007
-52.687
55.621
6.245
-2424.89
32241.122
-31.693
238.478
-7872.585
4564.458
36.784
48.411
-27.71
-780.749
8.665
-13.775
-2348.6
-5.594
80.905
2520.001
-25.991
-147.259
518.314
9.741
446.704
704.038
52.736
52110.251
-1025.855
257.523
-36.855
15.499
1.475
2545.763
107851.258
-81138.346
-51.083
-377.107
13159.409
-55.94
4.745
8112.648
-3.529
32028.34
-2852.45
13.52
48.715
14388.487
20.161
-2.544
-9509.728
50220.889
67.182
-2782.811
24.655
-66.286
-71.885
-19.704
7.787
74.994
18.014
4022.612
36.681
-7.967
-83.142
25595.947
-19.903
-9.157
54.107
9.669
-38.993
51.426
129.894
594.383
2.572
10.098
-700.908
4027.995
909.486
-3505.931
196.639
-10.767
-49.242
18297.892
-98.013
151665.891
42894.443
-498.909
-2977.503
-90.754
6.398
-88.512
3862.268
219.619
-757.6
-143.493
-7450.729
-23.399
12019.322
-17801.864
11.238
5.557
-235.625
14453.906
1167.992
20489.797
-196966.064
20467.402
183.03
126.577
-28.685
-15.865
-429.835
-1206.976
3.163
388.002
-31.89
127.748
38.537
-437.261
2.952
646.544
-28066.824
1.257
-6405.433
15736.489
-1420.725
4.94
-3.971
-3660.613
-24.937
26.35
18.382
14.299
-65.682
-32.677
241.541
-340.855
6.137
5948.262
1.604
-20.374
-49.081
-2330.365
565.309
33.0
18.75
-13.157
-404.205
44.75
4.433
-373.191
-2240.716
-4179.888
-31550.655
34.452
-1.114
-354.496
-2700.608
50.14
-43.291
-15.917
14524.065
-5528.453
-7.348
-22974997.619
86.106
-1105.454
-54.029
8.42
-70.907
95.17
2787.648
-23.342
40239.411
1894.341
0.955
-3.754
66.043
-3136.602
-2053.885
7387.271
543.121
1.805
-104.688
259.751
54.042
-294.17
-64.315
79.259
17.341
91.205
-1468.614
19.286
36.183
21.83
4.364
16.7
51.335
-93.453
-158.692
-22.983
-7.993
-331.156
-14499.883
-159.109
147.753
-36.66
10.846
2575.048
-1288.689
-25.944
3349.123
78.351
-1548941.249
1.133
-1.4
-596.402
0.369
-25.591
192.714
380.471
16.297
-109.81
168641.091
-0.516
10.805
-24.508
134.494
-2401.804
674.125
287.207
31.936
58.918
-174.064
-32.76
169.344
40.59
-14.182
363.876
-3.655
-10.675
38.991
28246.936
-2373.512
-2.734
1850757.354
115.393
239794.311
19042.847
-2903.258
-2117.452
-72.427
4.564
-98.53
-85.379
-12.786
139.422
-988.599
-61.62
-278.914
-775.201
5304.524
4.369
-29.048
2.265
8247.02
126.548
-2.356
11584.677
-1.052
3020.816
15.987
50129.141
417.967
13.759
-7.109
10.008
-295.528
-171.416
-27.828
-417.982
-16.607
-109.327
-34.996
-70.737
12.355
-18.516
-17.88
21081.54
-725.901
-77.143
133.499
-30.562
-16.935
5.307
-2328.842
-18188.748
-5207018.302
-5.134
3643.888
-30.905
-4.084
-96.51
2000.232
90.742
-701.517
-8.736
-732.349
2360.99
-1646.523
4.794
229.147
139.644
6.389
-11582.788
-6.452
54.452
-61.665
350.878
73.403
114.402
255.615
-200.087
27409.371
-105.243
-332.924
85.674
100.187
2442.985
-101.148
510.019
37.448
16.432
712.818
1236.539
187.734
14397.386
28.797
-36320.743
20483.693
2471.164
-20443.889
-12.845
49.418
-33.008
-180.889
-2347.201
-11.788
-3017.326
-71.831
-1615.115
-796226.91
-3.309
2252.099
-5.673
-625.076
62.86
-11.556
2261.414
148.082
1335.399
-890.335
-3.096
122.093
-137.382
-212.127
29678.782
2.643
78.981
-2375.538
-5086.457
11.249
-77.647
2360.837
21183.916
-5.174
146.731
5.793
-48613.891
-2.015
1550.473
24.619
28347.57
11.73
-122.889
5.204
24.958
-695.85
-23.272
-2416759.961
780.023
3.19
-1.164
18230.765
-51.112
43.571
-4197.717
37.269
1.942
13.522
28.03
123.905
5.335
-36.148
22812.522
-40.656
3.046
18.072
-149.955
-48984.535
144.993
13.546
3.689
1042.74
-12.767
351.888
-2784.807
-2347.019
-9.176
-3746.436
293.663
233.946
-185.658
21.84
174.74
-36.474
119.28
2366.35
52.178
-245226.968
6206.661
0.957
-4.08
250.793
100.001
5074.52
-13.671
13.809
-16338.176
-4615.67
-7.853
-3365.442
-5.987
-1947.072
226.479
-524.312
73.933
-550.674
35.691
2253.418
-207.36
1117.164
101.853
192.054
-437152.252
0.218
147.937
782.484
-70.937
11.166
113.609
71.905
53.263
-66.841
44.613
117.896
190.448
46.155
5.98
56.481
2.861
15.369
-7.218
-630.397
10.078
-19.158
120.693
-45.69
933.374
-3885.245
-1321.235
485.351
28.628
26.288
157.16
22359.768
-12.597
15.178
16.802
171.246
-2362.384
89.757
-14.346
-203.423
-586.852
79.552
-8.748
-7.678
2215.033
135.098
-13.844
554.24
-44.047
0.163
106.859
-7.698
-18.588
64.023
2337.497
67.857
-131623.208
4.4
-70.421
2.129
11.252
2267.874
110.519
81.122
7.855
13196.746
-31395.15
-544.876
-167.951
-22.601
-16331.482
-146.585
-6933.52
24.818
0.005
-4006.199
-239.76
20688.076
506.103
-223.448
-1036.428
8398.293
39.506
50080.404
8.823
-14291.454
85.809
2780.048
181.455
452.523
143.021
16.775
-6.814
-137.54
11.148
-1004.238
131.882
80.814
-98.821
3838.9
-165.33
-2358.213
-5419628.931
462.029
-0.803
3.039
58681.982
-7.948
24.342
57.315
24.314
-1355.321
5.913
-21804.643
34.142
-1882.228
-66.59
-182882.982
2394.011
-2826.777
-1659.859
-820.922
-2323.381
271.586
-7954.276
2348.351
-41.682
1.88
111.966
134.411
-2.415
11229.067
68.793
13.063
-2.442
29025.24
-6108.273
-66.211
7.732
30.17
-2.309
-1240.673
-165.837
-2.592
14635.429
32.308
2352.994
104.626
38.71
-3055.469
-39.199
118.266
40.657
-7.314
20551.283
-32.268
2405.518
-6655.67
11.96
-369.65
106.781
20.039
-2829.857
2974.497
26.663
1598.898
-1927.803
-66.452
19.73
95.185
-4977.99
40.436
-1672.331
-116.326
-2603.99
110.422
1021.723
-5.0
-5156761.194
-78.56
-72.143
-11.605
10664.594
-1171.684
1151.709
-373.894
88.992
87793.114
-1314.298
2349.602
-63.739
-104.841
-51247.712
66.153
-133.628
-139.944
-1.736
-465.432
411.337
17.227
-73.386
-70.571
22919.544
628.148
311.344
-70.256
663.849
1274653.33
8598.086
-9.675
151.132
-948.528
-70472.29
-19318.876
-149.381
-373.357
16.173
27.873
59.102
41414.022
18210.034
-296.176
35.678
47.96
-0.574
-67.058
-174967.242
12.148
739.9
14400.169
120.42
235.238
85.982
-9.639
-11.697
3.583
20563.632
