50.502
-11.185
730.345
17.158
-534.629
-53.809
27714.716
121.097
-24.076
6.914
-800.388
-5.541
37.221
-29.021
10.662
79.359
76.017
171.043
817.48
-33.42
7.51
5.302
-174.623
-87.884
15.294
-0.406
57.522
-1.526
68.577
-149.042
63.258
-1.837
39.775
36.747
56.528
450.395
33.635
-336.808
19.126
23.839
1381.452
58.712
0.306
-5.443
-2.54
-20.271
7.219
12827.325
13.587
12833.309
-1.285
-168.711
-13.127
-20.486
-28.95
79229.957
16.854
-20029.998
30.491
1433.99
24.524
46.311
9.091
144.563
3.348
3143.905
35.881
18.782
1.536
99182.563
15.22
571.362
112947.654
-81042.952
8.837
27.798
-1.555
-3.139
13.286
-18.436
-16.621
-430.07
41.82
13.058
13.434
51.743
0.878
-1.479
-11.262
6.911
219.758
46.466
1535.168
188.854
61742137.205
16.552
229103.237
31.4
0.727
6.919
46.139
-28.57
29.16
189.258
-0.121
15.326
9.686
-20.01
5.56
-12.732
-112.821
10.593
2.486
6.844
18.852
12850.728
758.812
65.545
183.041
16.413
30.651
17.243
-0.297
-30.317
26.884
10.532
12.813
306.583
6.682
4.257
51.659
20.672
111.685
2572.55
50.628
-999.29
59.213
8665.708
17.686
152.752
32.15
15.276
-17.485
-3.9
8.888
-6.206
10.14
1388.852
-2.94
15837.748
21.817
2.293
28.941
-2.028
-8.127
9.32
6.034
1635.699
366.633
-1379.377
-454.662
20.779
-3775.805
-95.631
-47.519
1223.909
4.626
-8.234
16.346
699.936
-22.255
15.969
39.037
-44.53
-7.729
-0.642
12270.901
28.051
6.687
20.244
9.307
4823.67
3.775
3.279
23.35
2.955
7.709
15.454
-133.276
64.771
-18.801
205.979
53.281
-8.826
7.327
35.391
-376273.837
0.303
18.286
75.525
21.379
120.582
20.406
-6.794
3484.734
56.443
50.306
-1.643
201.041
-166.852
6292.885
11.782
12.053
21.868
-20038.274
213.271
3.775
37.178
136.983
7.978
16.454
24.116
864.4
26.987
-156.649
-575.001
6.811
-11.258
11136.744
33.49
5.041
-22.599
-5.223
14.579
4.617
28.659
27.371
14.688
10.031
25145.782
-12.759
1328.308
20.563
6.378
113.943
2413.269
7.198
-871.726
11642.89
-1.459
17.773
7.121
26.793
-2.221
422.38
33.758
4.339
11.166
-786.051
6.871
13.665
-9.522
168.704
23.495
-6.821
2.64
441.306
384.627
-4.511
49.346
5874.826
-260.6
15.551
-17.595
4.529
13.049
15.329
-26.706
-9.31
42.277
23.23
28.631
1.78
87.176
10.866
74.534
-24.482
1.798
30.406
90.948
28.748
61.223
5.615
27.38
5.977
36.673
10.019
13021.601
19.663
1.267
1.887
-11.396
-113.045
26.073
-1072.241
-15.163
36.705
-1366.683
60.184
21.117
-21.158
29.787
9.088
1574.21
63.015
5.87
58.582
1368.236
85.467
-9.713
523.703
52.656
7.624
13905.518
22.986
-3.365
43.849
10.903
-351.928
40.734
2.235
-2.12
26.019
-4.927
58.078
28.798
15.237
29.802
62.771
-156.646
-29.343
-179.569
9.656
24.367
169.481
30.691
9.694
7.517
2.683
213.736
27.723
25.826
26.49
-8.533
20.319
-56.998
9.81
-6.707
9.255
-3491.978
-1333.463
101299.178
74.749
661.284
-793.792
-14.789
-20070.203
-54.461
46.92
1.191
-106.006
1369.056
3.861
59.377
-1037.024
216.325
109.662
94.349
9.33
-0.722
9.185
43.873
-19.609
-535.393
-791.544
1.63
11.908
-0.115
-668.315
29.002
18.546
-4.659
20.709
40.129
-3955621.137
51.381
22.477
4.054
-3003.146
17.096
-7.474
-4.656
3.568
14.146
0.455
-358.324
59.699
1.502
-8338014.6
38.829
23.37
37.058
10.044
20063.145
-14.395
-0.988
4.676
9.799
8.202
174.914
10.981
208.014
-2.675
-125.807
3.149
26.476
5.718
36.995
20024.612
12.896
19.658
-277.199
142.528
-0.837
13.384
107.138
1.906
26.219
-0.177
-0.383
10450.742
-4.849
9.551
13.393
22.707
41.002
211.141
146708.836
10128.346
18.143
6.003
14.133
-4.169
5.902
21.258
26.058
19.181
28.416
26.985
269.111
-1.816
-18.076
-5.233
14.505
-1.406
11.987
32.309
32.05
47.507
37.219
-1083.199
14.521
16.092
1.734
12780.551
17.416
22.989
-89.458
-9.204
-85.877
32.808
-148054.292
-268.017
1.55
20.382
172.783
30.053
18.974
-18.709
27.775
23.868
17.346
16.353
-52.253
69.316
3.059
13.878
5892.767
14.08
6.013
-10.522
10.747
6.672
20062.61
14.656
558.451
17.231
1183.177
-63.875
201.721
-19.013
24.589
14.845
-48.943
-14.012
48.625
20054.238
-691.14
1184.082
19992.31
40.86
-5.768
14.373
4.818
1.636
16.592
-35.971
-4.197
-11.496
-1.855
15.974
2.474
35.455
-23.592
3.73
8.474
135.375
13.169
-98.064
12.728
18.768
10.177
799.856
16.278
28.205
13.589
33.187
146.037
61.782
19.98
49.616
34.422
10.705
-4.874
23.81
29.231
87.435
317.356
-278.638
196.095
2.862
46.88
46.692
44.585
92.367
12.5
11.651
-59.935
6.372
4.707
21.193
15.635
0.435
7.266
16.473
26.613
2.29
-1.211
49.157
6.248
16.067
-1.569
15.088
7.153
1089805.207
1.393
-14890.222
8232.423
44.323
101.403
3.306
92.444
-11.747
204.739
15.487
22.457
277.676
-14.402
34.541
195.112
-40.047
222.763
6.19
56.8
37.238
9.207
21.385
-172.514
19.721
-21.095
3.654
32.693
103.206
0.509
10.829
23.016
-11.351
194.647
15.345
-171.493
-16.114
96565.71
20.246
30.831
5.827
3563.858
17.934
2425.046
4247.877
26.832
56.501
2.108
3.222
27.324
5.698
30.869
29.878
29.809
-7.799
0.91
-197.349
-11.92
15.231
-42.119
-14.888
750.801
43.864
119699.119
11.467
19.962
1.815
-87.8
13.27
15.039
2.447
15.926
1.297
24.331
6.197
-20.694
31.016
2183.718
288.661
-0.651
-9.098
-23.536
11.194
54.746
550.835
3186.669
38.213
22.077
43.152
3.799
4.356
45.297
82.081
-3.626
-797.195
14.068
219.216
8.791
11.094
72.807
22.387
48.338
-6.153
21.492
1363.673
-13.026
-2.042
3.223
3.137
23.727
423.638
-4.803
34.881
6.369
-1421.492
24.907
123.593
1.276
10.854
19.242
11.752
803.382
2957.64
-1732.489
-10.498
18.918
-17.974
337697.288
-1.076
22.654
12.726
1361.22
11.365
-774.136
-11.21
-17.475
-4.813
-38.49
12821.349
-19.779
7.924
10.731
-2.894
-16.812
22.389
50.374
17.736
-12824.997
-20035.047
2.156
21019.094
-7.657
-23.782
-11.073
0.961
0.05
56.143
7.514
42.149
17.688
182522.41
6.349
318609.728
3421.785
17.136
1.051
19.7
10.61
129560.373
-20345.494
-34.85
63.988
5.911
23.703
144.231
28.944
-4.704
-2.579
10.655
-4.418
41.311
20045.613
45.18
13.826
17.479
7.689
53.038
-1.464
729.875
12.936
1.462
-4892.62
-1464.125
12.568
24.059
8.536
51.128
-206.056
163.748
54.303
11.24
27.984
-0.043
25.883
243.273
22.674
95.893
38.775
-1.671
1.037
3.483
-1429.316
14.118
7038.948
15.206
17.129
24.489
1994.955
2.4
3.595
28.681
37.422
-8.96
-10.325
-0.077
-3.697
5182.554
2.282
48.045
-412.676
-1.021
23.566
-9.879
5.706
17.14
-145.775
15.274
1.577
-783.673
204.395
15.325
62.717
12.649
-132.656
-709.27
16.233
4.699
1.976
0.551
211.128
2428.375
-372.917
-23.337
200.402
-59261.3
9.546
1262.957
29.551
-1326.061
7.951
89.875
9.223
-4.694
125.48
38.589
11.306
8.576
14.417
-6.127
1.27
-12.914
10.547
-2199.514
6.092
16.44
57.562
13.87
8.243
20053.662
-0.118
35.018
13.731
-1347.203
27.28
-13.173
-52.95
18.029
8.229
43.772
4.769
-196.322
8.735
166.587
11.267
31.186
827.277
17.234
1396.235
21.6
-9.532
36.013
5863.577
-3.291
3.002
260.572
211.395
593.368
15.719
26.614
2.966
110.919
51.916
23.086
21.044
8244.813
14.028
-339.074
-1.892
22.116
17.767
3752.365
-2.275
3.125
-190.887
-6.046
-43.851
181.799
-52.094
-35.345
18202.251
-1381.501
24.607
-6.461
17.692
33.451
6296.748
-19955.307
24.424
20117.825
60.39
37.977
4.717
16.297
9.942
-33.66
17.735
-1.678
-15.889
-10.167
1.665
-42.274
14223.429
-169.608
707.113
59.627
-15.68
-1.207
40.147
-1.87
9.694
-26.287
-4006.37
29.615
1378.957
-27.274
-325.921
31.362
-0.68
-8.62
0.436
-0.38
49.594
25.618
33.851
35.042
-4.395
-802.493
-20091.885
122.746
-284.7
-4.283
-2.592
7.549
8.334
-7356.91
2.855
-40.688
14.498
14.176
5.673
12.883
691.362
248.309
44.418
108.115
14.667
15.419
16.008
-18.071
466.715
93.35
-7.702
1.615
3.157
12834.92
-11914.528
3.458
4.306
-14.448
6.483
-2.456
9.151
249.133
1268.357
-224.391
-10.633
78323.149
15.859
9.66
-9.636
278.302
-9.963
8.73
30.946
17.607
21.882
3.195
16.144
-5.015
-8.627
20.852
43.651
88.82
0.696
43.102
49.008
9.64
-4.718
-27.638
-41.44
43.223
3.502
21.266
26.049
-3.151
-1161.036
-9.595
19.017
-21.045
22.475
27.958
28.468
26.301
3.772
-108.224
1401.017
5.773
-2.892
-0.049
-186.502
15.944
-6.774
13.937
-786.943
38.047
45.398
182895.211
134.145
41.668
17.17
463.277
272.848
3.668
116638.162
174.851
104.963
-19728.732
-7.203
27.685
31.791
29.641
15591.627
1.886
12.636
45.904
436.494
181.335
1.561
43.246
-18.287
8.802
26.497
34.446
-799.201
47.429
22.374
-498.101
-20147.247
1.514
20.622
12828.07
4.498
24.125
18.385
32.722
37.567
9.413
10.106
285.856
39.847
3.161
85.841
21.381
15.01
-73.429
0.497
5.633
21.298
-9.626
17.265
13.624
173.694
38.228
17.879
11.201
6.192
109.29
-11656.96
1.864
-0.413
1.84
85.89
-8.716
-3434.08
30.217
29.142
19.445
-13.046
20047.237
-3.435
6.926
147.337
-668.754
-6.227
-32.506
11.431
38.302
-26.673
11.923
1140.023
1.266
52.984
2.328
598.281
-3.226
165.59
12.983
-39.757
14.055
58.673
-0.87
3.507
-5.848
12.258
13.873
13.48
63935.265
37.36
2415.51
12.469
144.413
39.313
34.178
108.641
12.803
8.421
190.783
-786.007
-0.624
1754.92
14.499
-30.593
12.929
20.958
17.503
-2.622
15.28
8.699
-21.612
10.957
17.739
26.722
4.783
-13.617
7.416
-191.659
3.758
31.348
0.754
-15.238
18.337
-1005.52
20046.485
34.264
41.149
37.303
200.243
-0.635
50.275
-31575.212
192.741
7.333
-2.185
6.174
-15.162
50.648
13.468
9.398
7917.05
-858.823
7.15
-4.984
-15.783
-45.863
8.323
18.1
0.979
6.067
-12.593
14.057
16.045
2.748
28.953
-3.739
181.508
-25.024
24.49
-13.042
7507.892
-9.232
24.178
-4.079
14.381
269.66
59.695
702.014
-52.837
-40581.631
17.995
237.451
32.122
23.776
65.502
-34.625
30.232
11.555
798.106
22.488
1.948
-0.041
114.512
140.059
-0.76
782.77
-22.831
24.615
38.701
-8869.948
-25.316
16.029
8.633
20149.435
18.463
6.488
-70.724
-8.819
-48.496
153.12
26.519
3.502
10.656
-43.008
-5.265
20.336
17.155
36.819
708.914
28.436
7.289
-12.658
-55.555
-20.85
-12832.188
127.088
30.856
24.691
-1567991.373
9806.233
13.728
7.524
12.941
33.048
45.757
12793.374
18.683
18.116
11.596
15.028
132.344
20.437
182300.505
12.678
39.208
24.324
20.389
49.442
197.855
-1.072
357.548
14.448
-146.638
-96.265
-0.337
18.669
129.465
37.788
25.97
5.015
-15.902
7.942
29.663
-2.276
18.06
8.768
3553.994
-1.225
7.392
82.134
-11.941
30.252
4.095
4801.127
73.519
3.355
30.536
-802.208
6.576
11.46
-2.848
-7.744
123.99
68.021
7.539
1.242
221.639
-201.137
477084.386
-211.591
-12784.718
-1361.835
4.011
1388.963
7.389
16.133
-1182.612
26.145
104929.871
-40.454
46.108
2091.063
-9.734
6029.002
12820.426
6.242
-3255.329
588.62
-7.934
3874.579
-6780.325
-2.069
248.413
-48.925
-73.303
15.611
26.523
-24.702
20049.209
20.226
1514.527
6.084
95.695
7.496
23.837
-15.469
-1.09
-9.663
58.657
-7.84
129.483
1.855
5.957
-20.278
86.087
14.808
18.016
143.097
7.184
56.416
5.81
-10.494
33.052
37.714
208.215
-1373.102
-3.27
-12796.491
12819.777
11.774
-13.153
167.449
32.094
76.242
-868.736
785.399
4.528
13633.623
-20054.777
1527.432
13.256
22.919
-678.301
-7.68
17.944
20050.425
275.636
11.866
-6.27
9.985
28.853
12843.266
69523.826
16.99
140.494
-35.389
13.323
35.1
22.369
-2.079
194.222
79.22
9.396
8.256
38.519
900.543
82.012
19.592
397290.663
1.645
27.327
-1480.929
8.933
18.241
3.498
12.38
36.009
-1063.868
18.281
8.409
25.578
164.921
8.513
-973919.93
10.006
5.974
-3.325
1.652
14.412
14.838
822.64
3.403
-18.025
6.389
5.545
13.993
58.761
-2.63
33.87
49.573
153.84
91.593
296.372
58.356
16.963
57.902
-15.649
2.896
208.411
16.064
4.197
-6.855
8384.19
124.996
91.171
26.974
-19.64
-334.04
10.931
570.86
-352.823
15.391
-0.977
-1.344
17.811
2.955
-29.213
22.483
43.346
-49.218
25.386
1.173
1.901
14.013
-20051.805
-5.988
-1193.342
-2.325
224.443
6.775
-599.121
104.827
199.48
33.837
-2421.892
8.888
-2.004
37.224
32.058
21.298
-45.385
87.495
8213.18
-21150.23
8.07
603.883
121.44
39.532
-5349.129
0.529
6.203
29.677
3.181
14.253
-118.125
18.925
-12756.975
76.198
19.04
48.707
183.063
73.614
-20085.386
-1.136
348.547
14.379
-6.014
10.825
3.528
2090.857
29.349
31.277
14.356
4.19
530.82
28.542
5.594
-6.589
30.996
32923.908
-43.529
-15.993
-6727.92
4.587
-177.185
-600.102
-22.051
17.131
82.168
55.239
33.097
-1.648
13.812
33.776
-158.079
14.236
18435.043
0.15
24.428
-236.563
2.131
112.72
-156.938
14.979
-6.515
-1.397
8.252
17.406
20.039
40.422
17.057
15.67
19.568
182.71
-520.76
708.488
42.001
3.661
7.955
-27.333
0.271
-4.591
22.455
-4983489.495
60.877
15.002
0.774
120.301
53.931
-25.912
349.573
-20060.527
-12807.765
2194.992
-23.936
488.342
-6.487
34.601
78.574
59306.602
16.076
1.95
4.722
227.15
29.813
187.764
4.171
14.67
68.96
7.654
-62.526
-5.554
27.669
14.633
9.204
-24.155
23.879
26.005
11.933
-5.403
348.928
-655.17
43.975
19.325
51.305
191.952
-19.499
-107.221
24.562
67.729
1.032
1.283
8.012
-21.86
-20.958
-3120.138
5.174
181.43
42.654
30.64
23.849
-21.577
4.743
-14.746
36.285
33.338
11.603
19.994
9.746
22.934
640.891
12827.293
-14.164
-20065.25
14.413
121.705
7.619
-13.679
179.444
34832.839
-8.208
28.8
8.778
3615.381
15.2
-12.189
0.165
69.931
2.501
9.07
-12.111
75.494
17.022
1929.374
-3496.226
24.361
-0.591
1.799
59.314
25.818
20103.017
32.731
48543.739
22.617
2.337
17.298
22.93
-13046.672
-18.25
25.563
22.392
72.262
-77.309
11.766
-23.366
11.143
-4.57
5.057
7.696
12.288
-84.919
1.55
8.521
1574698340.216
225.705
-0.055
8.89
177.985
24.379
24.051
26.212
7379.057
-24.876
-17.085
2.706
-19.594
-6.266
72.193
800.601
12.11
-112.81
47.396
16.368
1394.6
52.327
10.55
43.11
1.759
11.102
1283.454
3.645
-601.081
11.804
29.855
-1386.151
-13.404
-19.843
15.19
5.488
29.28
11.456
20071.419
25.844
56.45
0.893
-5.351
-28.269
26.056
87.562
30.587
32.136
-1361.209
464.026
15.945
1391.551
11.41
14.902
230.856
-14.154
-33.95
-3402.535
5.063
943.449
14.204
-64.022
-38.416
2213.799
107.286
5825033.721
-1.733
1568.552
22.937
4.814
3894.814
-66.636
-31.373
61.418
-35.838
14.816
19062.178
27.896
336656.18
10.743
167.155
7.466
5509.678
21.55
1439.326
65999.441
-7.424
169955.786
-157.966
-3.722
-10.599
893.519
15.719
28.422
-141.458
41.591
10.547
11.934
0.805
16.157
19.054
19.884
359.066
4.942
18.366
40.87
0.904
-879.301
12.44
-22.09
-728.065
14.237
-1356.97
-194.169
12824.443
-1591.961
10.965
6.146
152.306
88.235
0.281
-9.46
-20021.372
27.559
45248.109
-3.334
6.057
200.143
25.944
-65.76
7.316
368.096
21.367
16.168
0.414
-8.013
2.083
-592.081
-24.241
39.708
1382.554
26.102
12.934
-30.218
11.66
-211.229
-2.506
73.351
859.837
-2.504
-6.302
235.79
-8.209
6.17
-507.311
-23.119
-19.448
-21.901
-145.489
26.02
8.27
32.9
429.758
-1361.995
40.026
1009.625
12.22
-1.107
-175.156
-8.201
36.675
-0.168
8.211
27.59
-1538.604
-9.923
-5.034
15.958
-190.951
21.709
29.517
-171.235
-15.359
20.399
-297.191
26.555
928.876
20.007
-2.543
2.937
1.105
-6.533
23.419
0.55
10045.539
-6.631
52.558
-3708.081
53.899
27.62
354.842
-6.844
17.571
19.006
17.41
23.328
-3.664
-20.017
18.172
-1522.432
12844.738
59.173
-14441.048
76979.183
125.841
-34.377
1145.427
10.208
4551.326
1560.154
1367.428
-1250.002
1492.966
-25.405
11.845
34.724
23.1
18.034
13025.578
-47.13
-19918.619
3.496
-19.176
4.763
-8.931
-24.249
15.19
-0.336
6.74
3.057
-11598.817
12.781
12.661
93.114
-6.302
-2.165
4.422
34.122
470.314
-12806.305
-7548.676
-70.25
11.001
-63.435
2.625
28.105
-3.694
38.504
-148.407
-146.665
63.314
20.323
7.659
-62.951
-22.625
231.657
184.525
-0.575
-9.987
219.808
13.116
190.943
41.616
2856.684
48395.453
14200.828
149.053
6.205
-11.663
15.624
0.091
608259.71
123.344
31.247
16.025
15.968
45.137
20039.355
2930.734
589.099
-2.98
-18.393
-37.586
1.06
-26.203
15.73
48.947
17.006
221.668
-1379.77
141.502
-807.271
1.98
29.55
-0.858
1.384
15.515
89.77
687.515
451.878
19989.561
-4310.625
23.758
59.597
132.481
-9.292
-10.715
39.707
6.639
-4734.127
36.28
16.348
800.27
9.593
3561.331
159.032
25.994
342.708
-4.484
799.364
2.261
6.098
-1.132
11360.805
11.409
-4.941
-213.67
18.312
113.959
0.717
1658.278
20.253
54.584
-7217.223
23.916
-17.838
470.047
-10.417
2.85
1.179
-6.193
-192.62
9.736
-97.37
40.835
-7.754
-30.41
-20.308
-26.084
19.441
-67.157
-8.142
31019.648
1.03
326.364
16.17
8.48
21.008
-4.763
91922.563
3.238
-17.051
-0.884
13.239
-798.219
-653.757
-7.967
111.171
-6.74
-8.576
-9.826
39.702
-222924.87
13.144
33.689
-2027.553
-1680.52
16.392
11.005
19.98
36.61
76.218
6.005
32.122
11.638
1535.965
65987.797
23.153
1371.762
20039.741
-0.375
34.255
49.375
25.005
416.985
-1369.113
38.294
396.852
11.233
3.848
212.24
20.063
-4.568
22.809
3690.973
218.143
8.313
29.504
7.988
18.489
76.758
9.944
8.163
17.076
38.83
20050.369
726.696
14.305
17.329
-0.238
12858.689
-643.815
1132.42
-150.58
5.175
3.024
-18.025
46.733
-5.285
61.079
12.345
167.902
118.921
30.222
31.107
-12.884
-1.92
-5.511
-11.12
9.555
50.481
66.893
19.018
113.588
-7.57
-21.852
42.595
1.442
1.992
33.548
1897.423
258.01
16.771
916.707
-11.424
30.407
812.074
-10.112
-35.978
-20047.306
-278.748
0.73
16.16
-5.542
39.733
-529.482
24.835
1.757
14.025
32.314
2679.205
10.306
480.445
-194.807
44.673
10.451
-20.383
-7.539
-9.406
37.426
12.835
69.684
1.997
88.525
-122.216
-14.749
26.597
4903.676
11.93
804.565
5.467
1.041
705.371
1.057
60.183
5608.49
35.36
12818.804
12478.527
24.553
-1.595
12.67
2.44
0.648
48.213
-45182.244
50.815
21.078
152.257
10.86
69.736
1.767
16.738
6.081
3750.932
-12.742
30.357
-5.234
-53.395
10.881
5.443
175.448
31.015
2.731
29.1
12.974
-816.817
2.048
15.804
73.542
-0.102
1838.982
73545.868
1375.975
-272909.749
0.738
687.982
729.953
-31.564
5.232
9.145
-4.841
14.404
-975.429
676.45
-15.52
-1196.958
61.317
3.709
47.383
108.226
12963.511
-95.021
31.413
-4.635
20057.708
10.857
65.835
14.623
26.925
128.466
-3307.043
-11647.308
9.123
-3.822
-20012.852
12.215
-0.235
-19.563
2598331.203
21.821
-36.05
-76.841
19288.461
45.869
6.404
42.328
4.539
-21.231
7.391
16.849
-9.491
43.688
-807.093
38.424
23.644
1261.893
-709.955
39721.519
17.42
85537.359
51.967
1.983
-755.324
290.633
12.415
20.21
-3692.738
-11.421
17.65
44.819
41.417
-48.506
-11.82
15.74
90.32
-3.666
214.88
-510.758
-696.269
21.852
-15.327
35.876
-5.603
175.425
2.505
-3.115
12.868
514.471
174.101
-6.763
1.634
39.197
-7.348
-20.684
12.875
24.862
276.38
26.707
-1.948
4.415
83.847
10.566
-12788.437
58.387
15.868
-758.297
-14.543
32.565
1.144
0.623
518.286
6.389
19.188
2.001
31.465
504.921
5.354
64.419
49.757
-4.289
360.024
8.008
-12.578
-4.289
2.047
17.291
10.038
16.442
9.281
101278.748
-4.989
50.217
-25.404
5858.737
63.547
285.199
47.234
25.838
19.981
751.869
29.791
8.859
6.887
466.005
15.682
-1362.802
17.528
22.141
180.92
12.334
31.791
826.586
0.277
-1.305
48.23
1.659
31.77
-20.44
47.532
-20048.449
27.796
0.922
-25750.095
49.553
125.33
-148.077
1.515
11.044
-365.033
167.437
163.991
51.059
-13.23
-12.117
37.518
60.225
45.047
14.46
-5.659
7.895
8.108
12655.26
-18.191
-40.542
87.426
-150416.017
-14.767
29.724
63.031
9.222
-195.534
-12.263
21.005
-244.755
14.74
23.907
-146.869
20054.775
42.484
211.988
-169.476
21.513
416.843
-94.166
-5166.8
-72.161
17.944
-9.26
-26.316
-179.592
4.759
710.048
87.777
-2.207
-0.379
14.957
638.267
909.841
-5.176
864.789
25.162
108623.06
41456.317
-116.721
14.503
21.754
-5.319
50.774
9.3
32.478
14.921
701.811
37.95
-932.42
