1903.085
19602.491
-50.609
-3.6
2527.014
331.215
-353304.178
-1011.445
1.0619544203001248e+64
-19345.329
-15.462
3.9266510981228505e+60
-62.984
-1534.241
27.948
10.006
-31.016
-291.396
230.854
-125891.475
-26.636
291.32
-80.152
7.11175627161397e+62
-393.301
68.645
-54.413
26219.562
-54.457
-26920.309
-139.392
-86.941
-318.233
-81.989
2313.875
10.651
-57.627
184.658
14.092
35.75
403.305
30237.011
-111.989
-78259.608
87840.618
-16.033
-3.8
6763170.24
94.252
431112.086
-23719568.59
4.4602085652605244e+64
79.307
15.685
-17883.151
4917.437
586.701
908.835
144.501
-11081.071
19.588
5.067
-19265.561
-78831.168
-19390.721
-18.793
34.02
-21.362
-483.315
71389.146
44.344
12.969
-814.008
11.598
-58.282
-36.64
133.73
53141.593
445.304
-42.607
33.533
-142.565
23.566
19.572
-6.085
1.893631855578408e+130
-7732.69
34.089
-1.0619544203001248e+64
-4.545
-698.3
-648.39
146795.966
-88.841
-12949.352
-6297.331
4151.812
-71.041
10958941.312
4260.999
-154.593
5284.688
-58.631
-18.585
-25.464
2.605
-48646.719
19418.822
61.109
-24.648
-80.338
-0.247
83056.057
1.866234487427299e+64
491.715
-148.478
10608849.694
12.249
45.56
-3545.526
67.472
-21.521
-586.048
118.098
25.357
22732335.592
117.699
-9.583
52640.929
-19405.827
30.688
7.078
-89.41
-4336949.618
67.048
2176.756
-29.913
2252.441
3591.514
370438.725
85.809
-166.477
1.847800691322217e+63
-22.224
-36.896
-38.389
-12.265
-3612505.084
-241.686
-182.729
56996.564
-4.562808009370675e+62
19346.313
-470.152
141.482
453.017
-34.366
21.171
1585.017
96.623
-18.319
-18790.832
15.338
-82.63
0.343
-9.295
2435.186
13.776
-51.489
67.945
25.619
650711.83
967221319.218
-170.865
-34.229
-10602272.72
-501.554
26.035
-10735.545
83.816
-943.013
42.413
-330644.366
43673.333
-137.289
40.451
-47.722
10600928.379
-3.748
14882.092
-8966.201
-55.841
203.08
1383.532
591.85
-38.248
-43.244
-1.405
-156.807
-910.981
-200.303
-80076.138
-595.567
44028.434
79.183
-52.657
299854.788
2.832
377.341
-166.455
428904.726
-115511.473
-9435.256
4434.343
2358.945
1.19
-1.0450424042189472e+66
-15.122
-1546.251
-42.583
4683216.536
-2270.361
1.8325356691977995e+63
201.554
56.375
-26.109
227.396
40.513
513.908
-27.808
8.012738224607207e+61
-1953.104
-342.703
52028.835
-83317.305
1006906.745
-66.793
-33.871
1.847800691322217e+63
-65750.191
-67.016
4330.084
-81.115
26.786
-0.725
-3.925
-916.537
-262.56
10610955.186
22.506
-71.338
43.971
30.45
624448.392
63.127
52.07
-12.269
267.832
-4173.528
-2.5038658544814242e+64
-149.008
50.11
33030.697
-116.509
3.078
2445.016
26.926
1500.694
74.157
115.146
-1840.752
-676.661
1.0619544203001248e+64
-357090.248
6.23
-19237.875
-50.893
13.212
-677.886
-63.834
-19323.22
25.999
61.099
48.268
1.157
-23.118
-52.67
-353.075
142.592
1424.084
-67.745
9.185
-179.592
-253.111
109.991
-3.639
-5562917.688
-57.14
11.101
124.988
1170702.297
306.747
-2776463.01
64251.172
3.7571947390218413e+64
-63.572
32.553
2457.84
2395.471
2126.589
834.918
1059651.394
-1.697
-24.204
17.513
43.055
43847495.362
-3822.484
-10.756
2388.796
2436.305
-47.66
109.406
-39.359
3618.027
-111.237
-19.539
-45.046
-3.076
-758.666
337.891
1478.185
597.367
40.765
61711.744
-12.163
2.9836748929675704e+64
-8952.046
0.292
190.879
-4405.423
-315.68
-1346.506
-93.826
218.687
-64.583
0.002
1.961876682723635e+128
2418.662
-2415.915
-32.407
1.847800691322217e+63
-161.112
-44.849
-84.214
-71.494
-225.52
-115.137
-48050.649
4.673
-60.425
10608148.594
-1.709
4955.24
1.847800691322217e+63
-36536.633
-55.387
-360920.576
25.116
-10578218.807
-16.5
-2535.721
-484.039
2512.903
14142780740.882
3.926166232939723e+64
18.439
-5.56
0.006
2607.61
2291.422
-30.339
-832.316
-938.468
-91.144
1437.369
3.812
-29.057
-370508.473
50.638
-27.808
-2396.126
2320.564
35.758
-1420224.251
44.338
-21.776
183.722
33.834
1051.233
-22.973
20.429
79.186
0.289
-11.077
-48968.082
370449.252
529.976
-82.203
53.76
311178.423
-70.774
1306.538
8.738
820.776
104.241
-2377.56
-48783.145
26125.74
2453.549
146486.26
10.683
-81.372
242.798
4197877.055
-4438.334
29.555
-79.84
336.767
9.213
10608062.024
-666.704
5596.243
7467.326
615.756
14.727
19399.386
0.071
13.449
1.847800691322217e+63
111.254
-16214.634
12.662
-0.537
97.536
1.0619544203001248e+64
-175597.56
-60088.56
-113.427
17.336
78.729
223.434
91.29
-80.008
135.24
198.237
-762.215
16.38
-24337.939
-5.779
-120.226
148920.591
-11.179
-1636.794
37.742
-578.05
-324.895
35.776
373624.605
26.285
-44.577
-663.731
-5811.041
-8713.807
657.499
-2725.505
-117.195
-50.382
370385.041
-86.935
-45.813
576.664
-36.85
-18.3
1547.239
63.164
-54.124
-43.954
968.961
8.412
1.7147556856135463e+65
84.958
-10608018.415
-21.85
22.477
-147.109
4548.18
33200492.115
10608345.947
-0.165
-4.52859027846535e+63
-59.161
-26820.506
-248.646
-55.745
-71940.859
36.281
17.584
-5.483
65.608
8.172
339.918
-4375.784
931.785
7.597
-36.808
-27322.891
17.615
-5249.987
58.591
-67933.335
-25.783
15.108
108.545
502.875
1847658.429
10484375.166
-43.744
-38577.107
650.141
2489789.99
-428021.471
2748875.544
10608027.118
749.547
6.976
1141.17
24.222
445598.767
7.947
-67.847
28.229
-60.561
77239.964
4382.991
93.663
-128.228
-3.635707153339507e+65
-48925.177
606.407
-4492.1
68.295
17.417
3231.924
-390.044
2410.131
4938.237
-83.355
-7.563239381377489e+64
6466246.062
1.5103656187614375e+63
309867.489
6215.289
-0.759
-126542.56
-727127.85
387.863
82.708
-2188907.221
146.479
2389.848
59.57
6262.222
1482.048
20.091
-71.672
1633.143
24.974
-19.159
-30.451
32.381
-83.699
-70.791
-38676.713
-28.93
-1350.966
5981662.602
2.3144486162315676e+62
35.413
-20.836
5.85719339131085e+64
-8.643
-370429.884
2438.751
-215.371
-114.151
-313.925
-197.35
-47.995
511.29
-7.563239381377489e+64
-20372.114
-3558.375
-5.608
11.61
639.954
4.964
-122.902
-19392.195
-31.721
1.4240999928020326e+64
-69.749
1.847800691322217e+63
370453.073
-74.828
45.997
48.634
160.097
-72.03
-3084.041
-1400126.198
-11.703
24.761
428.757
-13.654
25.444
-128.857
48.983
-88.395
54.169
51.061
2716530.356
32.465
210.495
12.691
-77848.886
-38.356
2328.169
4431.799
19322.011
-1.0619544203001248e+64
6.94
-160.037
19386.247
745.947
13.004
-19385.8
2424.739
10608035.357
1827653.651
419.341
-290389.458
6018637.846
-3.414
-19261.313
30.433
-89.628
45.677
-68.196
-71788.104
-4.378
-2735.03
-108.09
-102.884
-30.55
1.104
-19380.482
49036.899
-2436.427
3483.391
-2471.332
-41.189
1.847800691322217e+63
151.72
-31.248
-2240.361
189937.468
-18642.144
-2091.852
35.08
-739587.651
-54.285
18.796
2019.048
-232.98
174.24
61465.1
-186.544
18.225
-30.532
-356.362
-7.594
7.154805731127594e+64
1145.498
72.194
-0.169
1749.012
10.153
-19363.39
5591.066
36172.942
1.4766422665562126e+65
18.209
-40.126
-100.336
-71.894
36053.211
-43.229
1535.323
-58.364
-2185.516
-60.023
12.249
-135.963
202.828
3867.309
19321.397
-370473.74
14972.411
-4.591080178926766e+62
29.269
-139.615
229.245
370577.345
363.014
60.351
1.066
221.218
13123.67
-191.986
-38956.524
-68.21
1.301
362.049
91.565
-92.876
15.963
-5725.904
-16.565
-19130.779
-1.847800691322217e+63
-117.333
48886.039
1.0619544203001248e+64
0.36
-126206.105
2.419
-88184196.141
-49.788
-1.847800691322217e+63
2441.7
-38.338
-70.426
5.775
371674.235
-370567.189
-4037.237
-51.367
7.87974708452971e+62
-766.62
-289.308
1500.367
20761.892
2176.917
-8.501
911.397
-13442.428
-19384.031
-3942.104
0.95
7.173
15.87
65.864
79.755
125.607
20.186
-631.559
1491.534
161910.465
-39.988
4197737.653
25018.033
8.052
55.01
3177.742
-12014.181
4274.129
97.325
-146.693
-13.136
33.228
60.468
-70.174
66.625
-45.363
162811.545
21734561983.997
35.655
1.0619544203001248e+64
1.2576086885705859e+64
24.881
21.963
3919.152
20.187
316276.418
10.591
-5.059
-16.622
19385.66
1.0619544203001248e+64
1304.205
-121.145
48918.677
-85020.699
19301.681
1.182728727572345e+65
1.626
-60.431
1.847800691322217e+63
-3116.77
2447682.984
4105.166
-4322.704
-82.928
-27.469
-107.24
326.553
-2403.059
-62.499
256.871
324.877
-23.492
370440.537
8.910859540738347e+64
-96.668
11.796
-66.076
100796455.84
-60.728
-14127.544
48.435
170.181
369837.064
-256776.626
-11.551
-69169.226
26.425
129.552
186.743
-8.942
34.457
-153.401
-19405.692
-100.779
88379.183
-34206.154
-67.701
2013.523
-41.594
372971.643
-40.157
-91.916
-14.683
875.218
2869.255
156.222
2418.834
-1325.114
30090.671
10605637.279
68.015
-210.93
10.882
-5.996
-156.611
1.847800691322217e+63
-30.871
-41.074
-6222.36
1112.642
-1010.28
1354.328
8.47
82.088
1225.056
4.059
4.0075636959823434e+64
-951.124
-61.879
-80.314
341.9
1241.866
252.043
-34.233
-142.395
-7687.22
37861591.122
-2536.12
5544.786
156.178
5148.282
-26666.963
-5.192
-594.189
-38.806
-9.122188470378071e+63
-4432.42
-29850.327
81.668
222.784
-98.818
-4.3
-197.048
-75.086
1210.421
1307.628
20.191
616.826
32.683
7720780.917
1.0619544203001248e+64
-12385.874
-772.837
19.719
-35.006
924.579
112048.426
622550.032
-19295.266
22861.602
1948.622
16.152
1571.309
-731.438
24.715
34.915
-45214.649
44064.987
102.919
427.899
120.049
11.713
38.115
-44.541
43370.287
-22.75
-26.382
-1522.806
1.036
-55.184
2681.971
-83.692
-2.193612822582477e+70
482.442
9.01
280.563
-8365066.778
-1500.128
8716.779
-19.053
-2.18
-2.392
-6.844
48919.668
-9370.748
416.999
36.338
45.152
-121139.13
25.417
-1.4832110900627922e+62
32.318
33.217
48.601
-73.635
-3472691.459
623.913
-210.713
238.039
4567.516
-76.151
9.896
-1.847800691322217e+63
85.935
116.664
529483.687
1722.602
19.983
-41407.293
-2516.608
-614.233
-115087.906
-0.4
-10608036.101
-1293.02
-67.972
-21806.758
-54.286
1830.54
-1497.614
-631.79
1.0619544203001248e+64
146.774
-47.474
-1871.743
-79.964
37.879
-12.457
-69.088
-54.226
-5.681
-677.248
-279.974
-75.265
365.253
1204.719
7.237927762962486e+60
-65.098
-61613.336
5.81
61.111
-44.266
13.007
3917.482
-11327.687
-49046.293
2422.765
-87.679
17.361
15.858
-61.378
-5763.781
912.14
38917.797
-7.835959896054764e+63
775.492
-74.452
-6.51
116.81
-13579.909
669.54
-52.231
422028.85
-6437928.718
50.435
-1.718
461.93
-1.847800691322217e+63
57.866
3997.456
-19386.127
868.94
2413.367
-42.17
-149.912
8.198
-390337.741
350.091
143.175
-87.023
-34.918
-78.724
379.459
614.485
34.557
521.58
-324801529.369
78503.641
-63.828
52514945.682
80.712
19.179
-29.246
-1827.995
-143.888
-395075.124
-65.891
82.296
-69.969
-8250.925
-316.378
1.847800691322217e+63
-11292.062
2.167762425295891e+62
-732749534.375
19402.521
705.296
-66.406
-3.286
104.45
1443.119
-5178.064
-118.929
26.408
69.381
23.356
978.201
84.406
1395.848
2456.759
39.86
-218.587
-82.447
2487.414
-162.037
3035.361
1791.588
234.816
-13.268
198.99
4499.499
-3317505.991
511.307
46736.334
7.859
-2009.417
-10626992.068
29.639
-2.346
438.354
-52.552
1.325
-99.884
1154.933
17.255
1.7175848325395324e+65
870.901
69.986
-706.539
389747.673
168.771
-32.825
321.426
-152.941
13.847
5.102
9824.405
800072.765
1.847800691322217e+63
195.252
44.407
26.08
-0.023
-160.103
-2525657.789
-156568.809
77.877
-67.571
81.302
18.691
-16734669.547
2.97
-53.935
-1.213
-88.405
-49.085
-37.209
18.449
954.709
-40467.377
-81.215
25111.435
-69.885
19.632
-34.221
-370799.688
-44862.636
-2.787
-51.521
2388.258
33.29
-43249268.132
-10.9
-5228619.637
-3971.827
-0.228
32.25
180.292
-9.009650587629456e+62
10673.546
95.385
-205.606
2435.729
-135.968
-108.514
6.725
-19399.969
3662.027
645.482
621974.942
-129.884
-1399882.488
-138.32
-13.839
45.371
-22542.023
-99439807.629
-227302.642
-20.166
-19514.306
-1.261358124072545e+65
-3.06267654814556e+64
11050.582
26.715
4.481
-139.888
24.377
6.06039248266989e+64
-2509.866
8.176
0.174
57.094
-14.196
592.408
3498.704
-56.373
1.0619544203001248e+64
2.0020925898158022e+62
-7513.945
13.608
-54.521
160.819
4.52859027846535e+63
-1.0619544203001248e+64
-19355.336
-66.118
-101.191
21.652
45.115
30.391
43.032
-4362.733
-19461.467
48674.991
53.142
-814.924
1335.942
3638.102
-157.847
-59.815
30.501
-59.548
-13.483
162.06
60.476
7.376
16.399
-7.972
-10608058.907
49.363
-631.732
-19393.712
-10.961
2442.781
-20306.135
-197.467
-701.834
10.941
-76859.854
-337596.427
4342.685
-16.905
33.669
-7149.437
5.85719339131085e+64
-69.396
-9.386
2.597
2953.531
-5867.751
-86.512
2922.589
3.355
-1.3659156071637818e+63
-140.141
1403.196
19.307
1849.906
-9.279
-67.279
1396.832
129.101
16859.526
12.952
-30428.382
1.839
11236.412
43.745
1.1694876092999257e+61
-828.963
-752.168
-6.903
-63.974
-1.4869069742003123e+61
-11.146
140.788
-110.97
-370362.327
1351378.86
-120.086
-13.004
-4.329704986549841e+64
2445.516
-61.905
16.807
5712.642
314513.98
-606.656
2709.675
-19394.147
-133.844
-13.085
147.852
82.362
-33.814
-5.194
-1018128.081
-26763059.169
-5387939.404
295.171
9.825
-542.592
-56.916
7.174
-38.857
16604.021
-0.954
-13.79
-10723.793
-8034.237
-46.717
-157.732
-136.034
83.401
-51.835
-74.542
8.045
-1.0792706230224639e+64
-22.49
35.914
65.458
-302.52
7.8263085594558545e+62
-34.597
-482.824
-20.116
2502.293
17.049
124.723
1692.094
7.335407680046298e+65
-65.288
-2.775
4460.154
9.559
-11.456
-19599.018
1.4969183331576477e+63
-50.257
333417.016
-44.764
1750.738
-155.273
104.226
-4.88
-18.314
-19258.851
-227.618
-370480.898
104.574
-187.874
-616.63
-56.807
1822471.382
383668192.024
974.646
5191.637
645.225
27396.695
-22.815
-19327.762
-19486.151
10607971.736
-62.449
393.582
-1.5872607938457845e+63
66.611
-500.242
8.754764297201195e+62
2448.925
776.139
-97.319
3059.838
4500.806
8858.603
14509.399
-44.065
15.052
-1.847800691322217e+63
-18.325
18.752
-2574.267
-73.271
-3144.5
34.357
-1098.154
-19431.611
4406.583
191668.922
2390.815
-9348.477
-152798.939
38.718
-5.452
-65.733
6055.982
4.132
929.664
275.221
95.681
500.626
15.974
-1.7565189784948413e+63
19381.852
1465.904
-2883.273
-21776.212
34.653
48926.97
-64.281
-18183.216
-6.744
-19400.162
86190487.626
35.121
-256.866
-130.541
-92.398
-36.07
115.627
-1845.021
-38708.413
-65.667
-56.29
529.593
328.061
1377.994
19.676
-16.852
7.266
129513.019
1064.897
-3127.463
-19379.625
-113.644
19.773
-48.871
5439.705
11818556.247
-10.11
-2532.245
1.74
1.786358978458218e+60
5456.658
-32.05
4.03
-214.097
-171.551
-38.485
-69.886
39.905
-16.878
-158.801
-142.29
203952.486
524.535
-39.24
9.986
847457658.702
190.626
71.532
138620.589
-85926.928
19401.071
-44.775
965.361
12349274.784
2502.172
-147.942
370417.716
-20.075
-46431.861
-9.425
80.844
370434.379
-117.641
16.263
-48515.927
17.775
19759.463
