6251.426
-4341.084
44058.56
-10.572
-247.816
-13.119
3651.621
109.597
6227021311.73
159722.101
-8705.967
16659.382
773.931
1916.194
166.855
-44448474235.7
-88933.164
27.956
-1299.935
-73.621
6227020768.49
-262.9
-55.78
125.532
-451.563
8092.456
-82.092
36497.607
3024.731
124.827
-23927.117
3640666.514
1854.325
-1.327
39.521
40.432
-4460.349
8161.658
8959.669
-12757.658
-85.719
10214820.949
-30590.597
12735.651
-265.163
40.29
-176.407
6110.828
26.348
659.398
63.582
90.775
57.194
15.454
81405.087
-261.443
12077.655
31771.919
46.141
15658.103
-135211.465
-3626255.954
40556.175
1219.46
32.635
85.847
-2.299
1113.471
6292625047.46
-286.178
3628812.284
9660.943
3628805.234
1010969.991
-383283271.274
-204.937
22.921
23.194
-1.294
-679.808
-486.624
-564321.887
12785.719
-39611978.487
48.363
12851925.051
8.736
19.874
474.373
12454005508.9
16.273
2179.071
-228.859
4519.913
45.568
2414170.687
424485.525
21127.444
-77.971
39890294311.5
-467.063
68.684
-10.823
-16.1
-12916.231
105.94
3622637.317
390.827
4325.373
-219.073
-60.725
6268.382
-1136.833
-1470.175
-804.926
320.934
267.659
-15304.617
19.062
-4019.135
37101.603
-5949.207
62.26
-13855.797
112.608
12636.137
-520.831
-215.393
-13.194
-1152.044
-2.643
-12729.233
52.63
5.74810689393e+11
7645832.463
200104.095
61.913
172.822
17581918913.3
11281.74
-38.645
-312.446
-750.114
35959.012
6498.766
5.01834219834e+12
638.758
6936.941
42.197
6095.969
-448.935
-223.642
-560951.837
-21.391
29.516
486.705
-8.114
5.515
74.046
6306.593
2615.878
-26.253
1345.79
155.471
-6227018382.41
2.44
1140.209
-286.667
6137.941
-5956.961
1644.865
-56.08
-24257.227
-6227020708.19
174.084
-173.548
9.126
-33.249
17.301
317.519
-24.134
6097299.87
2703.927
-417.301
835.994
-473.303
22089.269
-598.744
237.664
-203970.426
7488.826
-16.156
-12729.223
-12.84
182.02
-34990.673
115.965
472.48
64.768
8559.589
5.364
38216.024
-8828.03
-647.551
-1.732
15301.489
-56.891
11646.274
-2270.868
293.747
-177.548
-4533.029
-87.686
171.49
31.578
12454041619.9
6227020749.22
-9.034
6254.549
-11.92
-8.563
-50.69
81651.963
6227021671.45
582823930.98
-4519.532
-56.238
-989.923
401.373
495.164
-862.984
17324.313
-35.042
-1387.491
-77.837
36093.421
6716.191
6353.588
-1267.363
-1.524
441.855
109.779
-38.37
-1582.427
-25.541
-71.414
2691368.462
17.557
-341.13
-410.892
40151.377
231.931
4294.567
309.887
-117.905
6211.107
-613.728
3907.954
-24.783
6193.846
50.399
-86.671
-166.166
-170.643
-166.252
-29.566
-13.369
4.23424672235e+13
-888.439
-346.474
12669.764
1352.525
2378729188.01
1146.939
-5010.698
1086124.534
-23.488
-26357.534
-7.845
-338.791
72.766
-1.14120439365e+15
-178.837
-12742.338
-349.863
35.415
-787.452
2640.126
-136.927
6227020222.09
-14.652
-40.192
20063.921
-12293.688
6363.643
46.736
248.344
-491.317
-23.433
11.781
12789.767
3646845.245
81.665
783.259
-725.674
24.321
284.814
35871.59
-50.962
-1180852034.2
40249.446
6.755
-173.207
-34.258
5.825
285.504
40.604
-14.383
14347614812.7
-265.468
-40.443
59.607
-44.863
-6227020804.04
502004.959
2600.695
-173.276
12454054880.4
2246.516
-196.401
-3935.427
141.256
31.886
132.612
7.249
165.337
-53.656
-10.064
20.658
-65.414
77.033
16.092
-14104.457
402.878
395.229
-115.685
18283.306
91.515
-15.336
-4511.589
11.134
5.365
-15.2
-87510.32
-62.086
-3830679.198
6287.161
-51720200.256
9.571
4474.661
1358.017
3628757.024
-3.207
1472.715
6154.521
406.95
171.494
75381768014.3
-53.271
-279.763
-26.984
37.549
32882.678
75.182
3.981
1135.506
-79.957
-1065.983
41.753
-246.121
3628777.206
-21.531
-4643.061
-5.723
-103.233
-15.906
158.101
19.306
-301.344
206.427
1787.659
-36827.423
823.171
6253.554
858.086
6992.142
-3628854.858
-63.251
22.233
47646285899.9
72.085
6.761
-52.432
26.585
-119.353
29.753
-427.563
12643.991
67.009
70.925
34.772
18653.297
-3051571.213
-27.119
862.689
214.375
-21.457
-0.669
151068.77
-1355.005
-11.907
5821.648
808483.054
6227020821.33
-63.701
150.298
-14819.938
1040.797
6227018601.69
1437.44
-10.254
75.377
-63.052
12794.921
-1686.197
-111.422
707.193
-62.868
-60.114
356.422
214.618
-20348.702
2780.721
-854.64
6227021457.76
-16643.244
33.173
-6227034318.41
384630.376
208055.596
-10070.164
13.736
3367.603
6288.989
309020.672
-4320.71
-6.528
-251.335
-206.038
11.241
1522.26
-52.211
-691.894
2132.563
299432.611
70.055
-53.657
387.33
-37.446
-2113.76
243.291
867.341
11805.628
3627717.125
233350246.923
19.448
-6988.465
-136.28
-89.167
-2076.35
509.984
-80.331
-2287.872
8216.104
-2379.601
-281.677
27725.432
179679035.074
-31.217
164.979
-206.551
-3960.979
-431.278
3027.965
-281.719
-46.048
1139.959
-3632585.787
-68.083
2878.844
